FluxView - FluxMed acquisition system
Signal file
Serial Number	:
SW version:	1.37a-OX-CO2	File version:	1.15
Sampling rate:	256 Hz
Time	Flow	Volume	Paw	Pes	Ptpulm	Pga	Ptdiaf	CO2	
Sec	l/min	ml	cmH2O	cmH2O	cmH2O	cmH2O	cmH2O	mmHg	
FluxView - FluxMed acquisition system
Parameters file
Serial Number:	SYNTHETIC
SW version:	1.37a-OX-CO2	File version:	1.15
Tiempo	RR	RSBI	Pplat	VT	Ti	Te	I:E	MV	NIP	PEEP	PEF	PIF	PIP	VTi	VTe	Ti/Tt	Cdyn	MAP	RAW	Cstat	PEP	PIMAX	PEMAX	P01	PLei	PLee	PesSwing	PEEPidyn	CLdyn	PTP_PEEPiMin	PTP_NonPEEPiMin	PTP_ResMin	PTP_TotMin	PTP_PEEPi	PTP_NonPEEPi	PTP_Res	PTP_System	PTP_Patient	PTP_Ventilator	WOBresInsp	WOBresEsp	WOBresEspAct	WOBelast	WOBelastPEEPi	WOBelastInspNeg	StressIndex	StressIndexTransp	EtCO2	VCO2	VCO2insp	VCO2min	PACO2	PECO2	PaCO2	VDbr/VT	VDbe/VT	VDfis	VDaw	VDalv	VTalv	VDalv/VTalv	VDaw/VT	VDalv/VT	SIII	AvgCount	SpO2	Comments	
sec	bpm	bpm/ml	cmH2O	ml	sec	sec	-	l	cmH2O	cmH2O	l/min	l/min	cmH2O	ml	ml	-	ml/cmH2O	cmH2O	cmH2O/l/min	ml/cmH2O	cmH2O	cmH2O	cmH2O	cmH2O	cmH2O	cmH2O	cmH2O	cmH2O	ml/cmH2O	cmH2O.s/min	cmH2O.s/min	cmH2O.s/min	cmH2O.s/min	cmH2O.s	cmH2O.s	cmH2O.s	cmH2O.s	cmH2O.s	cmH2O.s	cmH2O.l	cmH2O.l	cmH2O.l	cmH2O.l	cmH2O.l	cmH2O.l	-	-	mmHg	ml	ml	ml/min	mmHg	mmHg	mmHg	-	-	ml	ml	ml	ml	-	-	-	mmHg/ml	n	%	-	
0,00000000	7,5	-157	0,2	-1,6	6,1	-0,0	-6,4	1,7	
0,00390625	2,6	-169	-0,2	-2,5	5,4	-0,1	-6,2	2,0	
0,00781250	3,8	-167	0,0	-2,7	5,5	-0,1	-6,6	1,7	
0,01171875	3,2	-227	-0,1	-2,0	5,7	-0,1	-6,4	2,2	
0,01562500	4,8	-199	-0,1	-2,3	5,1	-0,1	-5,9	1,7	
0,01953125	3,3	-199	-0,2	-2,9	5,3	-0,1	-6,2	2,2	
0,02343750	3,6	-211	0,0	-1,9	5,4	-0,1	-5,2	2,5	
0,02734375	5,0	-142	-0,1	-1,3	5,4	-0,1	-6,3	2,5	
0,03125000	4,8	-197	0,1	-1,4	5,6	-0,1	-6,3	2,2	
0,03515625	5,5	-243	-0,2	-2,2	5,9	-0,1	-5,7	1,8	
0,03906250	4,4	-155	-0,2	-2,6	5,9	-0,1	-5,7	1,5	
0,04296875	4,4	-100	-0,1	-1,6	4,6	-0,1	-5,6	1,7	
0,04687500	4,2	-163	0,3	-2,0	6,1	-0,1	-6,4	1,7	
0,05078125	3,2	-151	-0,4	-2,2	5,2	-0,1	-5,9	2,4	
0,05468750	3,0	-176	0,1	-1,7	6,2	-0,1	-6,8	2,0	
0,05859375	6,1	-233	-0,3	-1,9	4,9	-0,1	-6,4	2,2	
0,06250000	5,8	-146	0,0	-1,9	6,3	-0,1	-6,5	2,3	
0,06640625	4,5	-166	-0,2	-2,8	5,8	-0,1	-6,0	1,8	
0,07031250	3,4	-137	-0,0	-2,9	5,3	-0,3	-5,8	1,8	
0,07421875	3,0	-161	-0,2	-1,9	5,9	-0,3	-6,4	1,9	
0,07812500	3,4	-209	-0,3	-2,5	5,4	-0,3	-6,4	1,6	
0,08203125	3,7	-158	0,1	-1,9	5,1	-0,1	-5,8	1,8	
0,08593750	6,9	-118	-0,3	-1,9	5,9	-0,3	-6,7	1,7	
0,08984375	7,3	-148	0,1	-2,6	6,2	-0,3	-5,7	1,9	
0,09375000	7,9	-181	0,1	-1,9	5,2	-0,3	-7,2	1,6	
0,09765625	7,3	-152	-0,2	-1,9	4,1	-0,1	-6,4	2,1	
0,10156250	7,9	-192	0,2	-2,6	5,3	-0,1	-6,2	2,0	
0,10546875	7,4	-195	-0,4	-1,5	6,1	-0,1	-6,3	2,0	
0,10937500	6,4	-186	-0,0	-2,7	5,3	-0,1	-6,5	2,2	
0,11328125	4,2	-84	-0,1	-2,6	5,7	-0,1	-6,7	1,8	
0,11718750	4,6	-159	0,3	-1,5	5,7	-0,1	-7,2	2,0	
0,12109375	4,6	-57	-0,2	-1,8	6,5	-0,1	-6,7	1,9	
0,12500000	4,4	-119	0,3	-2,2	4,8	-0,1	-6,0	2,1	
0,12890625	3,1	-141	-0,2	-1,6	5,5	-0,1	-6,0	2,1	
0,13281250	3,5	-174	0,0	-2,1	5,4	-0,1	-5,3	2,1	
0,13671875	2,7	-169	0,0	-3,0	5,0	-0,1	-5,9	2,0	
0,14062500	3,4	-209	-0,1	-2,3	4,9	-0,1	-5,4	1,8	
0,14453125	3,0	-115	-0,2	-2,0	6,0	-0,1	-6,6	2,0	
0,14843750	2,3	-190	0,2	-1,8	5,3	-0,1	-6,7	1,7	
0,15234375	5,0	-118	0,2	-1,0	5,0	-0,1	-6,3	1,9	
0,15625000	3,5	-172	-0,2	-2,0	6,0	-0,1	-6,0	2,5	
0,16015625	5,4	-150	-0,5	-1,5	5,6	-0,1	-6,4	2,1	
0,16406250	4,5	-220	-0,1	-1,2	5,8	-0,1	-6,4	1,8	
0,16796875	3,4	-175	-0,3	-1,9	5,5	-0,1	-5,7	1,6	
0,17187500	3,5	-79	-0,4	-1,8	5,9	-0,3	-6,5	1,5	
0,17578125	5,1	-162	-0,1	-2,2	5,5	-0,3	-5,6	2,3	
0,17968750	3,2	-140	0,3	-2,0	5,9	-0,3	-6,0	1,8	
0,18359375	4,2	-150	-0,1	-3,3	5,9	-0,1	-5,9	2,3	
0,18750000	4,4	-167	-0,3	-1,6	6,5	-0,1	-6,6	2,1	
0,19140625	4,8	-178	0,4	-2,6	5,2	-0,3	-6,1	2,0	
0,19531250	2,8	-172	-0,3	-2,2	5,1	-0,3	-6,2	2,1	
0,19921875	3,9	-216	-0,1	-1,3	4,9	-0,3	-5,8	1,7	
0,20312500	4,3	-134	0,0	-1,4	5,8	-0,1	-6,4	2,1	
0,20703125	2,4	-248	-0,1	-0,8	4,8	-0,1	-5,7	2,0	
0,21093750	3,9	-183	-0,4	-2,4	6,3	-0,1	-7,4	2,1	
0,21484375	3,8	-182	0,5	-2,1	5,6	-0,1	-6,4	1,9	
0,21875000	4,7	-199	-0,0	-2,2	4,7	-0,1	-5,4	1,8	
0,22265625	4,5	-260	0,0	-1,9	5,6	-0,1	-6,2	2,0	
0,22656250	6,9	-185	-0,1	-2,0	5,3	-0,1	-6,4	2,0	
0,23046875	4,8	-251	-0,2	-1,8	5,1	-0,1	-5,5	2,1	
0,23437500	5,3	-172	0,3	-1,7	5,6	-0,1	-6,4	1,6	
0,23828125	5,5	-167	-0,4	-2,2	6,1	-0,1	-6,5	2,0	
0,24218750	5,7	-166	0,1	-1,2	5,6	-0,1	-6,1	1,9	
0,24609375	5,2	-115	-0,1	-2,2	5,4	-0,1	-6,0	2,0	
0,25000000	5,3	-180	0,0	-2,1	5,5	-0,1	-6,1	1,5	
0,25390625	4,8	-89	-0,4	-2,0	5,5	-0,1	-6,6	2,0	
0,25781250	6,1	-98	-0,2	-2,5	5,4	-0,1	-6,5	2,1	
0,26171875	6,4	-294	0,0	-1,6	5,3	-0,1	-6,4	1,9	
0,26562500	6,2	-141	-0,1	-2,8	5,2	-0,1	-5,8	2,2	
0,26953125	7,9	-216	0,2	-1,9	5,5	-0,1	-6,5	2,0	
0,27343750	6,5	-234	0,0	-1,4	5,6	-0,1	-6,3	2,3	
0,27734375	4,8	-171	-0,1	-2,5	5,5	-0,1	-6,2	1,7	
0,28125000	4,3	-166	-0,1	-2,3	6,0	-0,1	-6,2	1,7	
0,28515625	4,9	-157	0,3	-2,2	6,2	-0,1	-6,1	1,8	
0,28906250	5,0	-173	-0,2	-1,4	4,9	-0,1	-6,2	2,1	
0,29296875	4,5	-100	0,3	-2,4	5,9	-0,1	-5,9	2,0	
0,29687500	4,0	-165	0,0	-1,4	5,6	-0,1	-6,8	1,7	
0,30078125	2,7	-146	0,0	-1,3	6,2	-0,1	-6,3	1,8	
0,30468750	3,8	-122	-0,0	-1,7	5,2	-0,1	-5,7	1,4	
0,30859375	3,5	-172	0,3	-2,0	5,5	-0,1	-6,0	1,9	
0,31250000	2,9	-154	-0,1	-3,5	5,2	-0,1	-6,0	2,1	
0,31640625	3,5	-206	-0,1	-2,0	5,8	-0,1	-6,3	2,0	
0,32031250	4,5	-296	-0,2	-2,2	6,0	-0,1	-6,2	2,4	
0,32421875	4,4	-156	0,0	-2,5	6,3	-0,1	-6,1	2,2	
0,32812500	4,9	-146	0,2	-2,3	5,7	-0,3	-5,6	2,1	
0,33203125	6,3	-239	-0,3	-1,4	5,2	-0,3	-6,6	1,8	
0,33593750	6,0	-127	-0,0	-2,4	5,5	-0,3	-5,8	1,7	
0,33984375	5,5	-116	0,2	-2,4	6,2	-0,1	-6,8	1,7	
0,34375000	5,9	-138	0,0	-2,2	5,3	-0,1	-6,5	1,9	
0,34765625	5,5	-124	-0,3	-1,5	6,2	-0,1	-6,1	1,8	
0,35156250	4,8	-129	-0,2	-1,3	5,3	-0,1	-6,2	1,7	
0,35546875	5,8	-153	-0,2	-2,5	4,9	-0,1	-6,6	1,8	
0,35937500	5,6	-233	-0,4	-1,9	5,5	-0,1	-6,2	2,5	
0,36328125	4,8	-187	-0,1	-2,1	5,4	-0,1	-5,6	1,9	
0,36718750	5,3	-99	-0,2	-1,7	5,3	-0,3	-6,8	1,8	
0,37109375	4,7	-216	0,0	-1,4	5,9	-0,3	-6,8	2,5	
0,37500000	7,7	-211	0,0	-2,6	5,1	-0,3	-6,7	2,0	
0,37890625	5,5	-242	-0,2	-2,5	5,8	-0,1	-6,1	1,9	
0,38281250	5,2	-149	-0,1	-2,7	5,9	-0,1	-5,8	2,2	
0,38671875	4,0	-143	-0,2	-2,3	5,2	-0,1	-5,8	1,8	
0,39062500	4,7	-232	-0,1	-3,0	5,6	-0,1	-5,7	1,8	
0,39453125	4,1	-216	0,1	-2,1	4,8	-0,1	-5,7	1,8	
0,39843750	3,7	-124	0,4	-1,6	6,0	-0,1	-6,5	1,5	
0,40234375	4,8	-154	-0,2	-2,1	6,1	-0,1	-6,0	2,0	
0,40625000	5,1	-170	-0,3	-2,9	6,0	-0,1	-5,3	2,1	
0,41015625	4,0	-162	0,1	-2,1	5,5	-0,1	-5,9	2,1	
0,41406250	4,1	-66	-0,1	-2,0	5,1	-0,1	-5,0	1,9	
0,41796875	5,9	-188	-0,1	-1,9	6,2	-0,1	-5,8	2,1	
0,42187500	6,6	-302	-0,1	-2,0	5,8	-0,1	-6,5	2,1	
0,42578125	3,6	-31	-0,2	-1,5	5,4	-0,1	-6,6	2,0	
0,42968750	4,1	-141	-0,5	-1,9	5,4	-0,1	-6,2	1,8	
0,43359375	1,9	-183	-0,4	-1,7	5,5	-0,1	-6,9	2,1	
0,43750000	2,1	-47	0,1	-1,7	4,8	-0,3	-7,1	2,0	
0,44140625	4,1	-118	0,0	-2,3	6,0	-0,3	-7,0	1,9	
0,44531250	3,1	-145	0,4	-1,3	6,0	-0,3	-6,1	2,0	
0,44921875	4,6	-112	-0,2	-1,9	5,5	-0,1	-7,0	1,7	
0,45312500	3,6	-175	-0,3	-1,8	4,7	-0,1	-6,2	2,1	
0,45703125	4,3	-189	-0,2	-1,0	5,7	-0,3	-5,6	1,7	
0,46093750	5,9	-133	-0,1	-1,9	5,9	-0,3	-6,9	1,8	
0,46484375	7,0	-132	0,1	-2,3	6,0	-0,3	-6,0	2,2	
0,46875000	6,5	-187	-0,3	-2,3	6,1	-0,1	-5,5	1,7	
0,47265625	4,9	-173	0,1	-2,5	5,6	-0,1	-6,0	1,8	
0,47656250	5,6	-207	-0,2	-1,6	5,0	-0,1	-6,8	2,0	
0,48046875	3,6	-210	-0,2	-1,3	5,7	-0,1	-6,5	1,8	
0,48437500	4,0	-129	0,2	-1,9	5,7	-0,1	-6,0	2,2	
0,48828125	3,2	-139	0,0	-2,4	5,2	-0,1	-6,9	2,0	
0,49218750	5,3	-138	-0,3	-2,4	5,8	-0,1	-7,3	2,2	
0,49609375	4,7	-250	-0,2	-2,7	5,4	-0,1	-5,2	1,9	
0,50000000	5,0	-107	-0,0	-2,8	5,5	-0,1	-6,5	2,0	
0,50390625	4,7	-187	-0,1	-1,3	6,2	-0,1	-6,0	1,6	
0,50781250	4,3	-68	0,0	-2,0	6,3	-0,1	-6,9	1,9	
0,51171875	4,4	-97	0,1	-1,9	5,4	-0,1	-6,3	2,2	
0,51562500	5,8	-119	0,0	-1,7	5,1	-0,3	-5,8	1,4	
0,51953125	5,1	-199	-0,0	-2,4	5,4	-0,4	-6,2	1,6	
0,52343750	3,5	-143	0,3	-2,1	5,5	-0,4	-6,6	2,0	
0,52734375	3,7	-193	-0,0	-2,3	5,7	-0,3	-6,8	1,9	
0,53125000	3,6	-167	-0,3	-2,9	6,2	-0,1	-5,3	1,5	
0,53515625	3,6	-254	-0,1	-1,7	5,3	-0,1	-6,3	2,3	
0,53906250	4,4	-136	-0,2	-2,1	6,2	-0,1	-7,2	1,8	
0,54296875	6,1	-155	-0,3	-3,1	5,1	-0,1	-5,7	2,1	
0,54687500	2,8	-191	-0,3	-1,7	5,8	-0,1	-7,0	1,8	
0,55078125	2,5	-177	-0,4	-2,1	6,0	-0,1	-6,3	2,1	
0,55468750	4,0	-96	-0,1	-2,2	5,7	-0,3	-6,4	1,8	
0,55859375	4,1	-102	0,0	-2,0	5,2	-0,3	-6,8	1,8	
0,56250000	4,8	-206	0,1	-2,0	5,5	-0,3	-6,3	1,5	
0,56640625	4,9	-156	0,1	-1,6	5,5	-0,1	-6,5	1,6	
0,57031250	3,7	-174	-0,0	-2,8	5,5	-0,1	-6,0	1,8	
0,57421875	4,2	-174	-0,1	-2,1	6,3	-0,1	-5,8	1,6	
0,57812500	4,1	-229	0,2	-2,3	5,6	-0,1	-6,0	1,7	
0,58203125	3,9	-114	-0,1	-2,3	5,3	-0,1	-6,1	1,8	
0,58593750	3,2	-229	-0,2	-1,3	6,2	-0,1	-6,5	2,0	
0,58984375	3,1	-216	-0,3	-1,9	5,6	-0,1	-5,7	2,2	
0,59375000	5,0	-191	0,0	-1,8	5,7	-0,1	-6,6	1,7	
0,59765625	3,6	-192	0,2	-2,8	6,4	-0,1	-5,4	1,5	
0,60156250	4,2	-168	0,1	-3,2	5,2	-0,1	-6,2	2,0	
0,60546875	3,3	-171	-0,1	-2,0	5,6	-0,1	-5,2	1,8	
0,60937500	4,3	-167	-0,2	-2,3	6,7	-0,1	-6,3	2,1	
0,61328125	3,7	-200	0,1	-1,8	5,5	-0,1	-6,3	2,2	
0,61718750	5,8	-165	-0,1	-2,4	5,6	-0,1	-6,0	2,0	
0,62109375	4,3	-234	-0,1	-1,8	5,1	-0,1	-5,9	2,2	
0,62500000	5,1	-183	-0,2	-1,9	5,4	-0,1	-5,5	2,0	
0,62890625	3,5	-118	0,1	-2,2	5,3	-0,1	-6,2	2,0	
0,63281250	4,6	-144	0,0	-1,8	4,9	-0,1	-5,9	1,4	
0,63671875	3,9	-172	0,0	-2,2	5,7	-0,1	-5,9	1,9	
0,64062500	2,7	-200	0,3	-2,0	5,6	-0,1	-6,7	2,1	
0,64453125	4,6	-241	-0,1	-2,2	5,7	-0,1	-6,0	2,4	
0,64843750	3,0	-125	-0,3	-1,5	5,4	-0,1	-6,9	1,6	
0,65234375	3,6	-155	-0,2	-2,5	4,9	-0,1	-6,6	2,0	
0,65625000	4,1	-248	-0,2	-2,3	4,9	-0,1	-6,4	2,1	
0,66015625	4,4	-116	-0,3	-2,8	5,8	-0,1	-5,6	2,0	
0,66406250	3,5	-225	-0,3	-0,9	4,8	-0,1	-6,2	2,2	
0,66796875	3,9	-118	-0,1	-3,3	5,3	-0,1	-5,7	1,5	
0,67187500	4,2	-177	-0,2	-2,2	5,4	-0,1	-6,3	2,0	
0,67578125	3,3	-195	-0,1	-2,8	5,0	-0,1	-5,8	2,0	
0,67968750	1,6	-180	-0,1	-2,2	5,1	-0,1	-6,9	1,8	
0,68359375	4,9	-104	-0,3	-1,8	5,2	-0,1	-6,1	1,5	
0,68750000	4,2	-159	0,1	-1,9	5,8	-0,1	-6,5	2,0	
0,69140625	5,6	-174	-0,2	-2,8	5,6	-0,1	-5,9	1,9	
0,69531250	7,3	-212	-0,2	-2,2	5,3	-0,1	-6,5	1,9	
0,69921875	6,1	-128	-0,0	-1,7	5,3	-0,1	-6,9	1,8	
0,70312500	5,6	-89	-0,2	-2,3	6,7	-0,1	-6,8	1,8	
0,70703125	5,5	-174	-0,2	-1,8	5,9	-0,1	-5,9	2,2	
0,71093750	4,7	-164	-0,0	-2,9	5,6	-0,1	-6,5	2,2	
0,71484375	4,5	-237	0,0	-2,1	5,0	-0,1	-6,1	2,4	
0,71875000	3,7	-198	0,2	-2,1	5,0	-0,1	-7,1	1,8	
0,72265625	3,6	-196	-0,1	-2,5	4,8	-0,1	-6,1	1,8	
0,72656250	4,8	-155	0,3	-2,3	5,4	-0,1	-6,2	1,6	
0,73046875	4,0	-107	0,0	-2,2	5,9	-0,1	-6,8	1,6	
0,73437500	5,8	-145	-0,2	-1,9	5,4	-0,1	-5,7	2,0	
0,73828125	6,8	-84	0,0	-2,0	5,3	-0,1	-6,0	1,7	
0,74218750	5,6	-172	0,0	-2,4	5,3	-0,1	-6,8	1,8	
0,74609375	5,5	-172	-0,1	-2,1	5,1	-0,1	-6,6	2,0	
0,75000000	6,1	-118	0,0	-2,7	5,4	-0,1	-6,2	2,1	
0,75390625	4,6	-229	0,0	-1,8	4,9	-0,1	-5,2	2,1	
0,75781250	4,8	-173	0,1	-1,7	5,1	-0,1	-6,2	1,9	
0,76171875	5,7	-176	0,3	-3,5	5,4	-0,1	-6,6	1,7	
0,76562500	4,5	-232	-0,3	-2,6	5,9	-0,1	-5,9	2,0	
0,76953125	3,9	-298	-0,4	-1,4	4,7	-0,1	-6,1	2,3	
0,77343750	4,3	-218	-0,3	-1,9	6,0	-0,1	-5,9	2,0	
0,77734375	3,2	-156	-0,0	-1,4	5,3	-0,1	-6,6	1,5	
0,78125000	5,4	-82	-0,2	-1,9	5,1	-0,1	-5,9	1,8	
0,78515625	4,0	-71	-0,5	-2,1	5,0	-0,1	-7,5	1,6	
0,78906250	5,7	-183	-0,1	-2,1	5,5	-0,1	-6,1	1,7	
0,79296875	4,7	-269	-0,2	-1,4	6,5	-0,1	-6,8	2,0	
0,79687500	4,3	-179	0,1	-2,1	5,3	-0,1	-6,9	1,8	
0,80078125	4,1	-176	-0,1	-2,0	5,5	-0,1	-6,6	2,0	
0,80468750	5,2	-153	0,2	-1,5	5,5	-0,1	-6,4	1,8	
0,80859375	4,0	-180	0,1	-2,3	6,1	-0,1	-6,4	1,7	
0,81250000	5,2	-207	0,2	-1,4	5,8	-0,1	-6,0	2,2	
0,81640625	4,2	-184	0,1	-2,3	5,9	-0,1	-6,7	2,1	
0,82031250	4,0	-172	0,2	-2,3	5,0	-0,1	-6,2	1,9	
0,82421875	5,2	-181	-0,0	-2,4	4,8	-0,1	-6,5	2,2	
0,82812500	3,9	-191	0,0	-2,8	5,6	-0,1	-6,1	2,1	
0,83203125	4,7	-192	0,1	-1,4	5,9	-0,1	-5,8	1,9	
0,83593750	4,6	-114	-0,2	-2,1	5,4	-0,1	-5,7	1,9	
0,83984375	7,5	-61	-0,1	-2,1	4,8	-0,1	-5,6	1,9	
0,84375000	7,4	-198	0,0	-1,9	6,1	-0,3	-7,0	1,8	
0,84765625	7,2	-197	-0,1	-1,6	5,2	-0,3	-6,4	1,6	
0,85156250	7,2	-226	-0,2	-1,6	5,5	-0,3	-5,9	2,2	
0,85546875	6,8	-236	0,1	-1,4	4,8	-0,3	-6,1	1,6	
0,85937500	6,6	-137	-0,1	-2,6	5,7	-0,3	-7,1	2,1	
0,86328125	4,0	-141	0,1	-2,1	5,9	-0,3	-7,2	2,3	
0,86718750	6,1	-208	0,1	-2,2	5,1	-0,1	-6,0	1,8	
0,87109375	6,7	-146	0,6	-2,1	5,0	-0,1	-5,6	1,9	
0,87500000	6,2	-245	-0,0	-2,6	5,2	-0,1	-6,7	1,8	
0,87890625	5,8	-153	-0,3	-1,2	5,1	-0,1	-6,2	1,7	
0,88281250	3,6	-179	-0,5	-1,6	5,3	-0,1	-6,2	2,0	
0,88671875	5,1	-163	-0,3	-2,3	5,7	-0,1	-5,4	1,6	
0,89062500	4,8	-159	-0,0	-1,7	5,9	-0,1	-6,3	1,9	
0,89453125	2,2	-128	0,1	-2,2	5,4	-0,1	-5,7	2,1	
0,89843750	4,6	-173	-0,4	-1,6	5,1	-0,1	-6,0	1,6	
0,90234375	4,5	-151	0,0	-1,5	5,0	-0,1	-6,3	1,8	
0,90625000	4,3	-190	-0,1	-2,3	6,1	-0,1	-6,8	1,7	
0,91015625	4,4	-243	-0,0	-2,4	5,0	-0,1	-6,5	2,0	
0,91406250	3,6	-147	0,0	-1,9	6,1	-0,3	-5,8	1,9	
0,91796875	4,6	-190	-0,2	-3,0	5,0	-0,3	-6,4	2,0	
0,92187500	3,8	-211	-0,2	-2,0	5,8	-0,3	-6,2	1,9	
0,92578125	3,7	-121	-0,1	-2,3	4,3	-0,1	-6,8	1,9	
0,92968750	5,9	-180	0,4	-1,6	4,0	-0,3	-7,3	2,1	
0,93359375	3,8	-117	-0,1	-2,5	5,7	-0,3	-6,8	1,9	
0,93750000	6,4	-117	0,2	-1,8	5,1	-0,3	-5,7	2,1	
0,94140625	5,2	-246	-0,0	-2,7	4,8	-0,1	-6,0	1,9	
0,94531250	4,3	-100	-0,2	-1,7	5,5	-0,3	-6,7	2,0	
0,94921875	3,5	-312	-0,2	-2,2	6,4	-0,4	-7,3	1,8	
0,95312500	4,3	-238	-0,1	-2,4	6,4	-0,4	-5,7	1,9	
0,95703125	3,4	-258	0,2	-2,0	5,5	-0,3	-6,4	1,5	
0,96093750	2,8	-159	-0,1	-2,3	6,1	-0,1	-6,2	2,2	
0,96484375	4,8	-255	0,2	-1,9	5,0	-0,1	-6,8	2,0	
0,96875000	1,9	-177	0,0	-0,9	5,6	-0,3	-5,8	1,8	
0,97265625	2,4	-221	-0,3	-2,0	5,4	-0,3	-6,4	2,1	
0,97656250	1,8	-168	-0,3	-2,3	5,6	-0,3	-6,6	2,0	
0,98046875	2,7	-242	0,2	-0,9	6,0	-0,1	-7,0	1,6	
0,98437500	2,5	-222	-0,1	-2,0	5,8	-0,3	-6,2	1,7	
0,98828125	4,8	-106	0,1	-2,8	6,1	-0,3	-6,3	2,0	
0,99218750	5,1	-157	0,1	-2,2	5,1	-0,3	-6,8	2,4	
0,99609375	3,7	-217	0,0	-1,7	5,8	-0,1	-6,4	2,0	
1,00000000	4,5	-187	0,1	-2,5	6,1	-0,1	-6,9	1,6	
1,00390625	4,1	-265	-0,3	-2,0	6,3	-0,1	-6,7	2,3	
1,00781250	4,7	-170	-0,1	-2,2	5,8	-0,1	-5,6	1,7	
1,01171875	5,1	-184	0,2	-1,4	5,5	-0,1	-6,9	2,0	
1,01562500	2,8	-169	-0,0	-1,6	5,5	-0,1	-6,2	1,9	
1,01953125	4,6	-134	-0,3	-1,4	6,2	-0,1	-6,0	2,4	
1,02343750	3,3	-153	-0,2	-1,7	5,2	-0,3	-5,9	2,1	
1,02734375	7,0	-117	-0,0	-2,5	4,9	-0,3	-6,9	2,5	
1,03125000	5,4	-192	0,2	-2,4	4,8	-0,3	-6,2	1,9	
1,03515625	7,8	-191	-0,1	-2,4	6,5	-0,1	-6,2	1,8	
1,03906250	5,6	-135	-0,3	-1,9	5,0	-0,3	-6,8	1,9	
1,04296875	4,1	-213	-0,0	-2,4	5,2	-0,3	-6,4	1,6	
1,04687500	2,4	-148	-0,4	-3,0	4,7	-0,3	-5,8	2,1	
1,05078125	3,3	-165	0,3	-2,9	5,3	-0,1	-6,0	2,0	
1,05468750	3,6	-164	-0,3	-1,5	5,5	-0,1	-6,0	1,6	
1,05859375	5,1	-175	0,2	-1,8	5,1	-0,3	-4,9	1,8	
1,06250000	4,3	-132	-0,2	-2,0	4,9	-0,3	-6,4	2,1	
1,06640625	4,4	-96	-0,4	-2,0	5,1	-0,3	-7,1	2,0	
1,07031250	3,2	-156	0,2	-2,4	5,9	-0,1	-5,9	2,1	
1,07421875	3,1	-142	0,2	-1,9	5,0	-0,1	-6,3	1,7	
1,07812500	5,6	-236	0,2	-2,0	5,1	-0,1	-6,6	2,1	
1,08203125	3,8	-234	0,1	-1,4	4,4	-0,1	-6,4	2,0	
1,08593750	3,2	-100	0,2	-1,9	5,8	-0,1	-6,7	1,8	
1,08984375	5,2	-171	-0,0	-2,8	5,2	-0,1	-6,2	1,8	
1,09375000	2,0	-205	0,1	-2,3	6,2	-0,1	-6,5	2,0	
1,09765625	2,0	-115	-0,1	-2,2	5,4	-0,1	-6,6	2,6	
1,10156250	3,1	-245	0,2	-2,4	6,4	-0,1	-5,5	1,9	
1,10546875	3,5	-249	0,2	-1,9	6,2	-0,1	-5,9	2,2	
1,10937500	3,4	-198	-0,1	-1,4	4,8	-0,1	-5,7	1,5	
1,11328125	4,4	-266	0,1	-2,0	6,1	-0,1	-6,6	2,0	
1,11718750	4,9	-191	0,1	-2,1	5,2	-0,1	-6,6	2,2	
1,12109375	6,7	-177	-0,2	-2,1	5,7	-0,1	-6,8	2,0	
1,12500000	6,2	-166	0,1	-1,5	5,3	-0,1	-6,0	1,7	
1,12890625	6,7	-156	0,0	-1,4	6,4	-0,1	-5,9	1,6	
1,13281250	5,9	-173	-0,2	-2,0	4,5	-0,1	-6,1	1,6	
1,13671875	4,3	-137	0,4	-1,9	5,6	-0,1	-6,0	1,3	
1,14062500	5,6	-192	-0,3	-1,8	5,9	-0,1	-5,6	1,8	
1,14453125	5,7	-175	-0,2	-1,8	5,8	-0,1	-6,4	1,9	
1,14843750	4,3	-224	-0,2	-2,1	5,4	-0,1	-6,0	2,1	
1,15234375	4,5	-225	-0,1	-2,8	5,9	-0,1	-6,6	1,8	
1,15625000	5,1	-166	0,0	-2,5	5,7	-0,1	-6,9	1,8	
1,16015625	3,8	-123	-0,2	-1,9	5,1	-0,1	-6,2	2,1	
1,16406250	5,6	-236	-0,2	-2,5	6,3	-0,1	-7,5	2,0	
1,16796875	5,6	-212	-0,0	-2,4	5,4	-0,3	-6,0	2,1	
1,17187500	5,8	-217	0,1	-0,9	6,5	-0,3	-6,0	2,2	
1,17578125	5,7	-140	0,0	-1,7	5,5	-0,3	-5,9	1,7	
1,17968750	5,8	-154	0,1	-2,9	5,6	-0,1	-6,2	1,9	
1,18359375	5,4	-92	0,2	-2,1	5,8	-0,1	-7,0	1,9	
1,18750000	4,3	-216	-0,3	-2,2	4,8	-0,1	-7,2	1,9	
1,19140625	4,0	-206	-0,3	-1,7	5,4	-0,1	-6,6	1,6	
1,19531250	3,1	-132	0,2	-2,2	6,7	-0,1	-5,7	1,8	
1,19921875	3,7	-113	-0,5	-2,2	5,7	-0,1	-6,2	1,7	
1,20312500	5,2	-96	0,2	-2,8	6,1	-0,1	-6,2	1,8	
1,20703125	2,9	-244	0,0	-3,2	5,3	-0,1	-7,2	1,8	
1,21093750	5,2	-156	-0,1	-1,7	6,1	-0,1	-5,4	2,1	
1,21484375	3,1	-83	0,0	-2,0	5,2	-0,1	-5,7	2,3	
1,21875000	3,9	-215	-0,0	-2,1	5,1	-0,1	-6,4	2,1	
1,22265625	4,1	-174	0,1	-1,5	6,1	-0,1	-6,6	1,9	
1,22656250	3,8	-146	0,2	-1,3	6,1	-0,1	-6,0	2,2	
1,23046875	6,3	-226	-0,4	-1,6	5,2	-0,3	-6,3	1,6	
1,23437500	4,9	-97	-0,1	-2,0	6,1	-0,3	-6,8	2,3	
1,23828125	6,4	-272	-0,3	-1,7	5,4	-0,3	-6,8	2,0	
1,24218750	4,6	-169	-0,2	-1,9	6,1	-0,1	-6,6	2,0	
1,24609375	3,9	-240	-0,4	-2,9	5,0	-0,1	-5,7	2,4	
1,25000000	4,2	-197	-0,3	-3,3	5,0	-0,1	-6,7	2,1	
1,25390625	2,5	-157	0,1	-2,4	5,5	-0,1	-6,0	1,8	
1,25781250	4,2	-111	0,0	-1,2	5,6	-0,1	-5,7	1,3	
1,26171875	4,1	-152	0,0	-1,9	6,1	-0,1	-6,2	2,2	
1,26562500	6,3	-151	-0,0	-1,3	5,9	-0,3	-6,7	1,9	
1,26953125	6,2	-134	0,0	-2,8	5,2	-0,3	-6,7	1,6	
1,27343750	5,8	-153	-0,2	-2,5	5,5	-0,3	-6,0	1,8	
1,27734375	5,5	-86	0,0	-2,2	5,8	-0,1	-7,1	1,9	
1,28125000	5,5	-117	-0,0	-1,5	5,4	-0,1	-5,6	1,9	
1,28515625	4,7	-71	-0,2	-1,3	4,8	-0,1	-5,3	1,6	
1,28906250	4,5	-229	-0,1	-2,0	5,6	-0,1	-7,0	1,8	
1,29296875	4,2	-186	-0,2	-1,4	6,4	-0,1	-7,3	2,1	
1,29687500	7,2	-207	-0,4	-3,0	4,8	-0,1	-6,3	1,9	
1,30078125	6,4	-132	-0,2	-3,2	4,9	-0,1	-6,3	2,2	
1,30468750	4,1	-191	-0,1	-1,9	4,7	-0,1	-5,4	1,9	
1,30859375	4,7	-180	-0,2	-2,5	6,2	-0,1	-6,7	1,8	
1,31250000	2,4	-220	-0,1	-2,7	5,3	-0,1	-6,2	2,0	
1,31640625	4,1	-147	-0,2	-2,6	5,4	-0,1	-6,2	1,8	
1,32031250	3,4	-160	-0,1	-1,8	5,2	-0,1	-7,3	2,5	
1,32421875	3,3	-276	0,1	-1,2	6,0	-0,1	-5,0	1,6	
1,32812500	5,1	-141	0,2	-1,3	5,5	-0,1	-6,1	2,0	
1,33203125	5,3	-199	-0,1	-2,4	5,6	-0,1	-6,9	1,8	
1,33593750	5,5	-187	-0,4	-2,0	6,2	-0,1	-6,9	1,5	
1,33984375	5,8	-124	-0,1	-1,6	6,3	-0,1	-6,1	2,3	
1,34375000	7,4	-99	0,2	-2,3	5,0	-0,1	-5,5	1,6	
1,34765625	6,1	-220	-0,2	-1,7	4,9	-0,1	-6,1	1,7	
1,35156250	7,2	-212	-0,1	-2,0	6,0	-0,1	-5,7	2,1	
1,35546875	7,1	-70	-0,1	-1,8	4,4	-0,1	-7,0	1,9	
1,35937500	4,9	-178	-0,2	-1,5	6,2	-0,1	-6,6	1,8	
1,36328125	4,6	-126	-0,1	-2,8	5,4	-0,1	-6,0	2,2	
1,36718750	4,8	-147	0,3	-2,5	6,1	-0,1	-6,2	2,0	
1,37109375	3,3	-170	0,4	-2,2	5,6	-0,1	-6,6	1,9	
1,37500000	4,2	-222	-0,1	-1,8	5,2	-0,1	-7,1	2,3	
1,37890625	4,1	-227	-0,1	-2,3	5,5	-0,1	-6,7	2,0	
1,38281250	3,0	-168	-0,1	-1,7	5,6	-0,1	-6,4	2,2	
1,38671875	5,3	-216	0,3	-1,7	5,3	-0,1	-6,3	1,8	
1,39062500	4,5	-132	0,1	-1,9	5,7	-0,1	-6,7	1,9	
1,39453125	5,5	-71	0,1	-2,1	5,2	-0,1	-5,8	2,0	
1,39843750	3,9	-242	0,2	-2,2	5,2	-0,3	-6,7	1,6	
1,40234375	5,5	-237	0,4	-2,7	5,5	-0,3	-6,3	2,0	
1,40625000	4,5	-244	-0,2	-2,0	5,5	-0,3	-7,0	2,0	
1,41015625	6,2	-184	0,0	-1,8	4,7	-0,1	-6,6	2,3	
1,41406250	6,0	-119	-0,3	-1,9	4,7	-0,1	-6,3	1,5	
1,41796875	4,1	-145	0,1	-1,5	5,3	-0,1	-5,8	2,1	
1,42187500	4,9	-157	-0,2	-1,3	6,0	-0,1	-7,0	2,1	
1,42578125	5,4	-227	-0,2	-2,6	5,3	-0,1	-6,4	1,9	
1,42968750	4,3	-179	0,1	-2,8	6,0	-0,1	-5,5	1,6	
1,43359375	4,8	-166	0,0	-1,8	6,0	-0,1	-6,7	1,8	
1,43750000	4,5	-218	-0,2	-2,4	5,0	-0,1	-6,4	1,4	
1,44140625	3,2	-211	-0,1	-3,4	5,2	-0,1	-6,0	1,8	
1,44531250	3,4	-109	-0,1	-2,0	5,6	-0,1	-6,6	2,0	
1,44921875	2,7	-136	-0,4	-2,0	6,1	-0,1	-6,8	1,9	
1,45312500	4,0	-183	-0,3	-2,2	5,7	-0,1	-6,5	2,2	
1,45703125	4,8	-121	0,2	-1,9	5,1	-0,1	-6,4	2,0	
1,46093750	5,2	-153	-0,1	-2,2	5,9	-0,1	-5,7	2,0	
1,46484375	7,0	-138	0,1	-2,1	5,5	-0,1	-5,0	1,9	
1,46875000	8,8	-158	-0,4	-2,0	5,3	-0,3	-6,7	1,8	
1,47265625	7,7	-194	0,2	-1,9	6,4	-0,3	-6,2	1,8	
1,47656250	7,7	-141	-0,1	-1,9	4,9	-0,3	-6,5	2,0	
1,48046875	6,1	-142	0,0	-2,5	5,3	-0,1	-6,2	2,1	
1,48437500	5,4	-244	0,2	-2,4	5,1	-0,1	-5,8	1,8	
1,48828125	5,6	-189	-0,3	-2,3	6,2	-0,1	-5,9	2,0	
1,49218750	6,4	-225	0,3	-2,2	5,1	-0,3	-6,9	1,9	
1,49609375	5,9	-142	-0,1	-2,4	4,9	-0,3	-6,3	2,0	
1,50000000	4,9	-126	0,2	-2,2	5,8	-0,3	-6,5	2,4	
1,50390625	2,1	-168	-0,2	-1,9	6,3	-0,1	-6,6	1,7	
1,50781250	3,7	-159	-0,2	-2,4	6,2	-0,1	-5,7	1,7	
1,51171875	5,0	-17	-0,3	-2,1	5,5	-0,1	-6,9	2,0	
1,51562500	3,8	-98	-0,0	-1,7	6,3	-0,3	-6,4	1,9	
1,51953125	2,3	-157	0,0	-2,3	6,2	-0,4	-6,6	1,8	
1,52343750	2,5	-190	-0,4	-2,8	5,5	-0,4	-6,8	2,1	
1,52734375	4,8	-171	-0,2	-1,5	5,7	-0,3	-6,8	1,8	
1,53125000	5,1	-235	0,0	-2,2	6,0	-0,1	-6,8	2,1	
1,53515625	3,9	-124	0,1	-2,7	5,8	-0,1	-6,2	1,9	
1,53906250	4,4	-213	-0,0	-2,1	5,3	-0,1	-6,9	1,9	
1,54296875	3,8	-169	-0,1	-2,4	5,5	-0,1	-5,9	1,9	
1,54687500	4,6	-180	-0,1	-1,3	5,5	-0,1	-6,0	2,0	
1,55078125	3,3	-169	0,0	-1,1	5,8	-0,1	-5,7	2,0	
1,55468750	3,8	-119	0,2	-1,1	4,9	-0,1	-6,4	1,8	
1,55859375	3,5	-200	-0,2	-2,7	4,9	-0,3	-6,1	2,1	
1,56250000	5,1	-257	0,2	-1,5	5,8	-0,3	-6,0	1,7	
1,56640625	4,5	-188	0,1	-2,1	6,1	-0,3	-6,1	1,9	
1,57031250	6,8	-128	-0,2	-2,3	6,0	-0,1	-6,1	1,5	
1,57421875	5,3	-114	0,2	-1,8	5,7	-0,1	-5,6	1,9	
1,57812500	5,3	-211	-0,2	-2,3	5,8	-0,1	-6,0	2,1	
1,58203125	5,4	-142	-0,2	-2,2	5,4	-0,3	-6,3	1,5	
1,58593750	4,0	-180	-0,1	-2,4	5,2	-0,4	-6,6	2,6	
1,58984375	3,0	-172	-0,3	-1,8	5,4	-0,4	-6,9	1,7	
1,59375000	4,3	-100	0,3	-2,7	4,3	-0,3	-6,1	2,0	
1,59765625	4,6	-147	-0,1	-2,5	4,7	-0,3	-5,9	2,0	
1,60156250	2,6	-137	-0,1	-1,5	6,6	-0,3	-6,3	2,1	
1,60546875	3,9	-143	0,1	-2,3	5,9	-0,3	-6,5	1,8	
1,60937500	3,3	-192	-0,3	-2,5	5,7	-0,3	-6,0	2,0	
1,61328125	5,1	-123	-0,1	-1,7	5,3	-0,3	-7,2	2,1	
1,61718750	5,6	-166	0,5	-2,4	4,9	-0,1	-5,9	1,8	
1,62109375	5,1	-150	0,1	-2,2	5,9	-0,1	-6,1	1,8	
1,62500000	5,7	-186	0,1	-2,3	5,7	-0,1	-6,0	2,3	
1,62890625	6,5	-167	-0,2	-1,8	5,5	-0,1	-7,3	1,8	
1,63281250	6,1	-132	-0,1	-1,9	5,3	-0,1	-6,2	2,1	
1,63671875	1,8	-200	-0,2	-1,8	5,3	-0,1	-5,3	1,7	
1,64062500	3,9	-146	-0,4	-3,2	5,3	-0,1	-5,7	2,0	
1,64453125	3,8	-91	-0,0	-2,1	5,3	-0,1	-7,1	1,7	
1,64843750	4,4	-175	-0,3	-1,5	5,5	-0,3	-6,4	1,9	
1,65234375	4,5	-173	-0,1	-1,8	5,4	-0,4	-6,0	1,9	
1,65625000	3,9	-232	-0,1	-1,6	6,0	-0,4	-6,4	1,9	
1,66015625	4,4	-208	-0,1	-2,1	6,2	-0,3	-6,4	1,9	
1,66406250	4,7	-96	0,2	-1,5	5,4	-0,1	-6,8	1,9	
1,66796875	4,6	-217	0,3	-1,4	5,2	-0,1	-5,6	1,6	
1,67187500	5,1	-131	0,2	-1,3	5,3	-0,1	-6,9	1,7	
1,67578125	5,3	-149	-0,1	-2,4	5,1	-0,1	-6,5	2,0	
1,67968750	5,8	-190	0,0	-1,5	5,8	-0,1	-5,9	2,4	
1,68359375	5,6	-253	-0,1	-1,7	5,8	-0,1	-6,7	1,6	
1,68750000	4,9	-170	-0,0	-1,8	5,9	-0,1	-6,6	2,0	
1,69140625	4,4	-159	-0,1	-2,1	6,7	-0,1	-5,8	1,9	
1,69531250	4,5	-168	-0,1	-2,3	6,0	-0,1	-6,0	2,0	
1,69921875	5,0	-129	-0,1	-2,0	5,3	-0,3	-5,9	1,8	
1,70312500	4,2	-180	0,2	-1,9	5,2	-0,3	-6,8	2,3	
1,70703125	4,1	-206	-0,4	-2,0	5,4	-0,3	-7,1	2,1	
1,71093750	5,5	-175	0,2	-1,3	5,4	-0,1	-6,3	1,8	
1,71484375	5,6	-106	0,1	-2,6	6,2	-0,1	-6,1	2,0	
1,71875000	7,4	-141	0,1	-0,8	5,9	-0,1	-6,3	1,9	
1,72265625	7,0	-187	-0,1	-1,7	4,7	-0,3	-6,5	1,7	
1,72656250	8,7	-138	-0,1	-2,2	5,3	-0,3	-6,9	2,0	
1,73046875	7,7	-113	-0,0	-1,4	5,8	-0,3	-6,0	1,9	
1,73437500	6,1	-185	-0,4	-1,0	5,9	-0,1	-6,7	1,6	
1,73828125	6,5	-211	-0,5	-1,6	5,4	-0,1	-6,1	2,0	
1,74218750	6,3	-156	-0,4	-2,7	5,3	-0,1	-5,5	1,6	
1,74609375	4,5	-151	-0,1	-1,7	5,5	-0,1	-6,3	2,1	
1,75000000	4,9	-165	-0,1	-1,8	5,8	-0,1	-7,1	2,6	
1,75390625	2,0	-52	-0,1	-1,8	5,7	-0,3	-5,4	2,2	
1,75781250	1,4	-119	-0,3	-1,8	5,1	-0,3	-6,9	1,4	
1,76171875	2,6	-128	0,1	-3,3	5,6	-0,3	-6,7	1,9	
1,76562500	3,0	-105	-0,0	-2,0	5,7	-0,1	-6,0	2,2	
1,76953125	2,4	-212	-0,3	-2,6	5,3	-0,1	-5,5	2,0	
1,77343750	3,7	-128	0,3	-1,5	6,2	-0,1	-6,0	2,0	
1,77734375	4,4	-261	-0,0	-1,1	5,2	-0,1	-6,4	1,7	
1,78125000	3,5	-165	-0,1	-1,5	5,1	-0,1	-6,6	2,0	
1,78515625	5,4	-201	0,3	-1,9	5,7	-0,1	-7,0	1,9	
1,78906250	3,0	-113	-0,4	-2,3	4,8	-0,1	-6,2	2,0	
1,79296875	3,8	-167	-0,2	-2,0	5,7	-0,1	-6,0	1,7	
1,79687500	5,1	-195	-0,3	-2,1	5,8	-0,1	-5,2	1,6	
1,80078125	3,7	-154	0,2	-2,4	5,6	-0,1	-6,1	2,1	
1,80468750	4,8	-132	0,2	-1,9	5,0	-0,3	-5,6	1,9	
1,80859375	3,0	-197	-0,2	-2,1	5,7	-0,3	-6,9	1,9	
1,81250000	4,6	-230	0,1	-2,5	6,7	-0,3	-5,9	2,0	
1,81640625	3,3	-177	-0,2	-1,6	5,5	-0,1	-5,8	2,3	
1,82031250	2,1	-153	0,2	-2,2	6,3	-0,1	-6,3	1,8	
1,82421875	2,3	-164	-0,7	-2,5	5,0	-0,1	-6,1	1,7	
1,82812500	3,6	-238	-0,2	-2,0	4,8	-0,1	-5,8	1,5	
1,83203125	5,7	-162	-0,1	-2,2	5,9	-0,1	-5,5	2,1	
1,83593750	4,8	-187	-0,4	-2,3	5,5	-0,1	-6,1	2,1	
1,83984375	4,6	-144	-0,3	-2,4	4,7	-0,1	-5,9	1,8	
1,84375000	3,3	-179	0,5	-2,3	5,8	-0,1	-4,9	1,9	
1,84765625	3,7	-218	0,0	-2,9	5,4	-0,1	-5,8	1,5	
1,85156250	3,1	-161	-0,0	-1,4	5,1	-0,1	-6,6	1,9	
1,85546875	5,0	-179	-0,1	-2,1	6,1	-0,1	-7,2	2,3	
1,85937500	3,5	-141	-0,3	-1,9	5,5	-0,1	-6,5	1,5	
1,86328125	6,2	-127	-0,1	-2,2	6,0	-0,1	-5,9	1,8	
1,86718750	5,8	-163	0,0	-1,6	5,7	-0,1	-7,4	1,9	
1,87109375	6,3	-205	0,1	-2,8	6,5	-0,1	-5,8	2,0	
1,87500000	4,6	-226	0,2	-2,4	5,7	-0,1	-6,0	2,0	
1,87890625	3,1	-149	-0,2	-1,5	5,5	-0,1	-6,2	1,9	
1,88281250	5,5	-154	-0,5	-2,3	5,9	-0,3	-6,5	2,0	
1,88671875	1,6	-190	-0,6	-1,9	5,0	-0,3	-5,8	1,8	
1,89062500	3,8	-103	0,1	-2,0	5,9	-0,3	-6,1	2,1	
1,89453125	4,6	-221	0,0	-1,6	5,9	-0,1	-6,9	1,9	
1,89843750	3,4	-182	-0,2	-2,3	6,1	-0,1	-6,6	1,7	
1,90234375	4,0	-279	0,2	-1,4	5,1	-0,1	-5,6	1,9	
1,90625000	2,2	-162	-0,1	-1,9	6,8	-0,1	-6,1	1,8	
1,91015625	3,2	-176	0,0	-1,8	5,7	-0,1	-7,1	1,8	
1,91406250	1,9	-202	0,2	-2,1	4,8	-0,1	-7,1	2,1	
1,91796875	2,6	-239	-0,2	-1,6	5,0	-0,1	-5,3	1,8	
1,92187500	3,7	-184	-0,0	-2,3	5,6	-0,1	-6,7	1,8	
1,92578125	5,1	-183	-0,1	-1,6	5,6	-0,1	-6,8	1,8	
1,92968750	4,6	-170	-0,1	-1,8	6,0	-0,1	-7,1	2,0	
1,93359375	4,2	-70	-0,2	-1,4	5,7	-0,1	-6,2	1,8	
1,93750000	4,7	-233	-0,4	-2,6	5,1	-0,1	-5,5	1,9	
1,94140625	3,3	-136	-0,4	-1,4	6,3	-0,1	-5,6	1,8	
1,94531250	2,0	-173	-0,1	-2,6	6,0	-0,1	-5,5	1,7	
1,94921875	3,8	-225	-0,0	-2,0	4,5	-0,1	-6,2	1,9	
1,95312500	1,9	-222	-0,1	-2,9	5,5	-0,1	-6,2	1,7	
1,95703125	3,3	-177	0,2	-2,1	4,9	-0,1	-6,1	2,0	
1,96093750	4,9	-57	-0,2	-1,8	5,6	-0,1	-6,5	2,0	
1,96484375	6,0	-190	0,1	-1,2	6,1	-0,3	-6,7	2,3	
1,96875000	6,0	-178	-0,0	-2,7	5,1	-0,3	-6,4	1,8	
1,97265625	6,8	-137	0,1	-1,9	4,4	-0,3	-6,0	2,0	
1,97656250	7,0	-235	0,2	-2,7	5,1	-0,1	-6,8	2,0	
1,98046875	6,1	-219	-0,1	-1,6	5,7	-0,1	-6,8	1,7	
1,98437500	5,6	-189	0,4	-2,6	5,7	-0,1	-6,9	1,9	
1,98828125	3,8	-179	-0,2	-1,8	5,3	-0,3	-5,9	2,1	
1,99218750	5,2	-104	-0,2	-2,0	5,6	-0,3	-6,7	2,1	
1,99609375	5,2	-164	-0,3	-2,4	5,7	-0,3	-6,6	2,2	
2,00000000	4,6	-226	-0,0	-2,8	6,0	-0,1	-5,8	1,8	
2,00390625	4,1	-199	-0,0	-2,2	5,1	-0,1	-6,1	1,9	
2,00781250	6,8	-87	-0,0	-2,1	5,8	-0,1	-5,9	2,2	
2,01171875	7,0	-189	-0,3	-2,8	5,0	-0,1	-6,4	1,9	
2,01562500	5,8	-99	0,1	-2,5	5,2	-0,1	-6,6	2,3	
2,01953125	5,1	-163	0,1	-2,1	4,9	-0,1	-5,9	2,2	
2,02343750	3,5	-85	0,1	-2,3	5,8	-0,1	-6,1	2,0	
2,02734375	2,8	-145	0,0	-2,7	5,8	-0,1	-6,2	1,7	
2,03125000	3,7	-122	-0,5	-2,7	5,0	-0,1	-5,6	1,9	
2,03515625	3,1	-225	-0,1	-2,4	5,5	-0,1	-6,2	2,0	
2,03906250	4,9	-209	0,1	-2,6	5,4	-0,1	-5,4	1,7	
2,04296875	4,6	-200	0,0	-2,3	5,7	-0,1	-6,1	1,9	
2,04687500	4,5	-224	-0,3	-1,4	5,1	-0,1	-7,0	1,9	
2,05078125	4,8	-125	-0,2	-2,0	5,7	-0,1	-6,6	1,8	
2,05468750	4,4	-138	-0,1	-1,6	5,2	-0,3	-6,2	2,1	
2,05859375	3,7	-91	-0,0	-1,9	5,2	-0,3	-7,0	1,9	
2,06250000	7,6	-225	-0,0	-2,3	5,3	-0,3	-7,6	1,6	
2,06640625	3,0	-278	-0,2	-1,9	4,5	-0,1	-6,9	1,9	
2,07031250	4,0	-217	0,2	-2,0	5,5	-0,1	-6,8	2,4	
2,07421875	3,1	-197	-0,2	-2,1	5,2	-0,1	-6,6	1,7	
2,07812500	5,2	-138	0,0	-3,3	5,4	-0,1	-7,4	2,0	
2,08203125	3,6	-178	-0,2	-1,7	6,2	-0,1	-6,0	1,4	
2,08593750	3,8	-131	-0,5	-2,4	5,2	-0,1	-6,0	1,7	
2,08984375	4,4	-238	-0,3	-1,0	4,9	-0,1	-6,6	2,1	
2,09375000	2,0	-217	-0,2	-1,9	4,8	-0,1	-5,8	2,4	
2,09765625	2,6	-47	-0,2	-2,0	6,7	-0,1	-6,8	1,8	
2,10156250	2,8	-137	0,1	-2,4	5,2	-0,1	-7,2	2,1	
2,10546875	1,9	-203	-0,0	-2,0	6,5	-0,1	-6,2	1,4	
2,10937500	2,7	-224	-0,3	-2,4	5,1	-0,1	-7,0	1,7	
2,11328125	5,0	-53	-0,1	-1,9	5,4	-0,1	-6,9	2,2	
2,11718750	4,7	-120	0,3	-2,0	5,3	-0,1	-6,1	1,9	
2,12109375	6,1	-137	0,1	-2,0	4,6	-0,1	-6,3	2,0	
2,12500000	5,5	-99	0,2	-1,9	5,8	-0,1	-5,3	1,9	
2,12890625	5,3	-161	-0,2	-2,4	5,2	-0,1	-6,5	2,1	
2,13281250	3,9	-195	-0,0	-2,4	5,6	-0,1	-5,9	1,7	
2,13671875	4,3	-90	0,3	-1,7	4,9	-0,1	-6,3	2,2	
2,14062500	5,7	-140	-0,1	-2,2	6,2	-0,1	-5,6	1,9	
2,14453125	5,7	-139	-0,2	-1,7	4,8	-0,3	-6,5	1,9	
2,14843750	4,4	-220	-0,1	-1,4	5,0	-0,3	-7,1	1,9	
2,15234375	5,2	-236	0,3	-2,4	5,6	-0,3	-5,3	2,2	
2,15625000	6,7	-102	-0,1	-1,7	5,1	-0,1	-6,7	1,9	
2,16015625	4,2	-156	0,2	-2,7	6,3	-0,1	-6,4	2,3	
2,16406250	3,9	-250	-0,1	-2,3	5,6	-0,1	-5,2	1,9	
2,16796875	2,7	-149	-0,4	-2,3	4,7	-0,1	-6,3	1,9	
2,17187500	4,0	-211	0,4	-2,4	6,7	-0,1	-6,3	1,6	
2,17578125	2,6	-174	-0,2	-2,2	6,2	-0,1	-6,4	2,0	
2,17968750	5,2	-210	-0,2	-3,1	5,4	-0,1	-5,5	1,8	
2,18359375	7,7	-292	0,0	-1,0	5,7	-0,1	-5,7	2,1	
2,18750000	5,5	-126	-0,3	-1,7	6,1	-0,1	-6,4	2,0	
2,19140625	5,4	-186	-0,0	-1,4	4,5	-0,1	-6,7	2,0	
2,19531250	5,0	-288	0,1	-2,3	4,8	-0,1	-6,5	2,3	
2,19921875	5,2	-249	-0,1	-1,7	6,4	-0,1	-7,2	1,9	
2,20312500	3,0	-239	-0,3	-1,8	5,5	-0,1	-6,2	2,0	
2,20703125	3,9	-185	0,1	-2,3	5,9	-0,1	-6,9	1,7	
2,21093750	1,7	-154	0,1	-1,4	5,1	-0,1	-6,5	1,8	
2,21484375	2,5	-114	-0,0	-1,5	6,1	-0,1	-5,4	1,9	
2,21875000	3,6	-206	-0,6	-1,8	5,4	-0,1	-6,4	1,9	
2,22265625	3,4	-201	-0,0	-1,5	5,7	-0,1	-7,2	2,1	
2,22656250	2,8	-192	-0,2	-2,3	6,4	-0,1	-5,9	1,9	
2,23046875	2,6	-227	0,3	-1,9	5,5	-0,1	-6,1	1,4	
2,23437500	5,3	-155	0,1	-1,9	4,7	-0,1	-6,3	2,1	
2,23828125	6,6	-150	0,3	-2,1	5,9	-0,1	-6,0	1,8	
2,24218750	3,9	-181	0,4	-1,7	5,8	-0,1	-6,2	1,6	
2,24609375	4,4	-142	0,3	-1,7	5,0	-0,1	-7,1	1,6	
2,25000000	4,6	-224	0,1	-1,7	5,2	-0,1	-6,3	1,7	
2,25390625	5,4	-79	-0,0	-2,0	6,0	-0,1	-5,4	1,6	
2,25781250	6,7	-208	0,2	-2,5	5,2	-0,1	-5,3	1,9	
2,26171875	3,0	-156	0,1	-2,9	5,1	-0,1	-6,2	1,7	
2,26562500	4,4	-213	0,1	-2,6	5,4	-0,1	-5,7	1,8	
2,26953125	3,9	-183	0,2	-2,2	6,0	-0,3	-7,4	1,9	
2,27343750	6,2	-198	-0,0	-2,8	5,6	-0,3	-6,1	2,0	
2,27734375	4,9	-117	0,1	-2,7	5,9	-0,3	-6,3	2,1	
2,28125000	4,6	-190	-0,2	-1,9	5,6	-0,3	-6,9	2,3	
2,28515625	4,5	-141	-0,3	-2,3	5,6	-0,3	-5,9	1,7	
2,28906250	3,5	-187	-0,2	-2,5	6,0	-0,3	-6,9	2,1	
2,29296875	3,8	-179	0,2	-2,1	4,8	-0,1	-5,8	1,9	
2,29687500	4,5	-156	0,1	-2,0	5,6	-0,1	-5,6	2,4	
2,30078125	6,0	-125	-0,1	-3,0	5,0	-0,1	-5,9	1,8	
2,30468750	4,2	-177	0,1	-1,8	5,8	-0,1	-6,2	2,5	
2,30859375	4,1	-181	-0,3	-1,8	5,7	-0,1	-5,9	1,6	
2,31250000	3,2	-205	0,2	-1,4	5,2	-0,1	-6,5	1,9	
2,31640625	4,1	-100	-0,3	-1,8	4,9	-0,1	-6,9	1,9	
2,32031250	3,2	-120	0,0	-1,9	5,5	-0,1	-5,9	1,8	
2,32421875	2,8	-141	0,2	-2,5	6,3	-0,1	-5,4	1,8	
2,32812500	4,0	-101	0,1	-2,0	5,6	-0,1	-6,1	2,0	
2,33203125	4,8	-143	-0,0	-2,2	4,2	-0,1	-6,7	1,9	
2,33593750	4,0	-126	0,2	-2,1	5,8	-0,1	-6,0	1,5	
2,33984375	3,7	-221	-0,5	-1,5	6,1	-0,1	-6,2	1,9	
2,34375000	5,7	-201	-0,3	-2,0	5,1	-0,1	-6,5	2,1	
2,34765625	5,3	-109	-0,1	-2,1	5,7	-0,1	-5,9	2,2	
2,35156250	4,6	-162	-0,0	-2,8	4,7	-0,1	-6,4	2,1	
2,35546875	1,8	-197	0,3	-2,1	6,4	-0,1	-6,4	1,8	
2,35937500	3,4	-158	0,0	-1,9	5,2	-0,1	-6,5	1,8	
2,36328125	3,1	-176	-0,4	-2,0	5,6	-0,1	-5,8	2,1	
2,36718750	4,9	-123	0,4	-2,9	5,5	-0,1	-5,8	2,1	
2,37109375	6,8	-138	-0,3	-1,8	5,6	-0,1	-5,7	1,8	
2,37500000	5,3	-166	-0,5	-1,6	5,9	-0,1	-6,5	1,8	
2,37890625	4,5	-257	-0,0	-1,8	5,1	-0,1	-6,7	2,2	
2,38281250	3,7	-220	-0,2	-1,5	5,2	-0,1	-6,0	2,1	
2,38671875	4,9	-121	-0,3	-3,0	5,5	-0,1	-6,9	1,6	
2,39062500	3,9	-187	-0,2	-1,1	5,6	-0,1	-6,2	1,8	
2,39453125	4,0	-201	-0,1	-1,5	6,0	-0,1	-7,1	2,1	
2,39843750	3,9	-174	-0,1	-2,2	5,5	-0,1	-6,0	2,2	
2,40234375	3,2	-165	-0,1	-1,3	6,0	-0,1	-6,6	1,8	
2,40625000	5,2	-192	-0,2	-2,1	4,9	-0,1	-5,8	2,1	
2,41015625	4,1	-211	-0,0	-2,7	4,8	-0,1	-5,7	2,0	
2,41406250	2,2	-102	-0,0	-1,4	5,0	-0,1	-6,9	2,1	
2,41796875	7,2	-126	-0,1	-2,1	5,4	-0,1	-6,1	2,3	
2,42187500	5,2	-172	-0,1	-1,7	5,9	-0,3	-7,1	1,8	
2,42578125	5,2	-150	-0,1	-2,8	5,0	-0,3	-6,7	1,0	
2,42968750	5,6	-218	-0,1	-2,3	5,9	-0,3	-6,9	2,3	
2,43359375	2,5	-190	-0,5	-2,6	5,5	-0,3	-6,1	1,9	
2,43750000	3,2	-131	-0,0	-2,4	5,0	-0,3	-6,8	2,1	
2,44140625	4,7	-144	-0,1	-1,5	5,2	-0,1	-7,2	2,0	
2,44531250	3,4	-158	-0,4	-2,9	4,9	-0,3	-6,4	1,8	
2,44921875	3,1	-115	0,1	-1,9	4,8	-0,4	-7,0	2,1	
2,45312500	4,0	-90	0,0	-3,1	5,8	-0,4	-6,6	1,9	
2,45703125	2,9	-223	-0,1	-2,5	5,6	-0,3	-5,7	1,8	
2,46093750	5,5	-251	0,2	-1,1	5,4	-0,1	-6,3	2,1	
2,46484375	5,5	-160	-0,3	-2,0	5,0	-0,1	-6,7	2,3	
2,46875000	9,0	-285	0,2	-2,5	6,0	-0,1	-6,4	2,3	
2,47265625	6,3	-154	-0,3	-1,0	5,8	-0,1	-5,9	2,3	
2,47656250	7,9	-181	0,2	-3,0	5,1	-0,1	-5,4	1,6	
2,48046875	5,1	-151	-0,4	-1,3	5,4	-0,3	-6,2	2,1	
2,48437500	5,3	-267	0,2	-2,3	6,0	-0,3	-6,7	2,1	
2,48828125	4,6	-224	0,1	-1,9	5,5	-0,3	-6,5	1,5	
2,49218750	4,2	-205	-0,1	-2,2	5,2	-0,1	-6,3	1,4	
2,49609375	6,2	-100	0,2	-2,1	5,0	-0,1	-6,1	2,1	
2,50000000	4,5	-182	-0,3	-2,0	5,3	-0,1	-6,4	2,0	
2,50390625	2,6	-161	-0,1	-2,8	5,6	-0,1	-6,9	2,1	
2,50781250	3,8	-162	-0,3	-1,8	5,3	-0,1	-5,6	1,7	
2,51171875	5,1	-182	-0,1	-2,3	5,6	-0,1	-6,2	2,0	
2,51562500	4,3	-262	-0,2	-2,4	5,4	-0,3	-5,9	2,3	
2,51953125	2,9	-207	0,2	-1,3	5,2	-0,3	-5,9	1,9	
2,52343750	3,5	-120	-0,1	-2,7	5,5	-0,3	-6,9	2,1	
2,52734375	4,1	-127	-0,2	-2,7	6,2	-0,1	-5,6	1,6	
2,53125000	4,7	-157	-0,2	-1,8	5,5	-0,1	-6,3	2,0	
2,53515625	4,8	-146	-0,3	-2,4	5,5	-0,1	-5,5	1,8	
2,53906250	4,3	-144	-0,2	-1,9	6,1	-0,1	-6,2	2,1	
2,54296875	3,8	-168	-0,3	-1,7	5,2	-0,1	-6,7	2,3	
2,54687500	3,3	-144	-0,3	-2,3	5,8	-0,1	-6,3	1,7	
2,55078125	4,1	-205	-0,1	-2,0	4,6	-0,1	-5,8	1,6	
2,55468750	4,2	-110	0,1	-1,8	6,1	-0,1	-5,7	2,1	
2,55859375	3,2	-195	0,2	-2,5	6,0	-0,1	-6,7	2,0	
2,56250000	3,7	-126	-0,1	-2,1	5,5	-0,1	-7,1	2,1	
2,56640625	6,1	-141	-0,2	-2,0	5,8	-0,1	-6,7	2,1	
2,57031250	3,6	-154	0,1	-1,8	5,2	-0,1	-6,6	1,7	
2,57421875	3,1	-176	0,1	-2,0	5,9	-0,1	-6,7	1,8	
2,57812500	1,8	-194	-0,0	-1,8	6,5	-0,1	-7,6	2,3	
2,58203125	3,6	-166	0,1	-2,5	5,3	-0,1	-6,8	1,7	
2,58593750	5,4	-125	-0,1	-2,0	5,1	-0,1	-5,5	1,9	
2,58984375	6,1	-132	-0,1	-1,6	5,0	-0,1	-5,6	2,1	
2,59375000	6,1	-130	-0,2	-1,7	5,7	-0,1	-6,0	1,7	
2,59765625	7,1	-146	0,3	-2,5	5,8	-0,1	-7,1	1,7	
2,60156250	6,5	-159	-0,0	-2,1	5,5	-0,1	-6,7	1,8	
2,60546875	4,6	-126	-0,0	-1,6	5,2	-0,3	-6,4	1,9	
2,60937500	4,8	-202	-0,0	-2,0	5,4	-0,3	-6,5	1,7	
2,61328125	3,4	-192	-0,2	-2,4	5,3	-0,3	-5,5	2,1	
2,61718750	3,9	-137	-0,4	-2,1	5,3	-0,3	-6,4	1,9	
2,62109375	4,0	-178	-0,2	-2,2	4,9	-0,3	-6,6	2,2	
2,62500000	4,3	-59	-0,3	-3,1	5,9	-0,3	-5,9	2,3	
2,62890625	2,9	-229	0,2	-2,4	5,7	-0,1	-6,5	2,1	
2,63281250	3,9	-78	0,2	-2,1	5,4	-0,1	-6,4	1,7	
2,63671875	6,3	-280	-0,3	-2,7	6,7	-0,1	-6,4	1,7	
2,64062500	6,1	-225	0,1	-1,2	5,6	-0,1	-6,3	2,4	
2,64453125	6,3	-220	0,1	-2,6	5,4	-0,1	-6,3	1,8	
2,64843750	4,4	-174	-0,0	-1,7	6,0	-0,3	-6,3	1,9	
2,65234375	3,4	-145	0,3	-2,4	4,9	-0,3	-6,4	2,2	
2,65625000	3,2	-182	-0,4	-1,8	4,2	-0,3	-7,0	1,9	
2,66015625	3,7	-169	-0,2	-2,9	5,7	-0,1	-6,6	1,4	
2,66406250	3,3	-202	-0,3	-1,2	5,7	-0,1	-5,7	1,4	
2,66796875	1,9	-224	-0,1	-2,7	5,3	-0,1	-6,5	1,8	
2,67187500	3,9	-250	0,2	-1,4	5,6	-0,1	-5,8	1,9	
2,67578125	3,3	-180	-0,2	-2,4	5,8	-0,1	-6,2	1,7	
2,67968750	3,8	-118	0,0	-2,7	5,8	-0,1	-5,4	1,9	
2,68359375	3,6	-107	0,2	-2,6	5,4	-0,1	-6,1	2,0	
2,68750000	3,0	-221	-0,2	-1,6	4,6	-0,1	-5,9	1,8	
2,69140625	1,7	-158	0,1	-2,1	5,4	-0,1	-6,6	1,9	
2,69531250	3,5	-145	0,4	-2,3	6,0	-0,1	-5,6	1,8	
2,69921875	3,5	-146	-0,6	-1,7	6,3	-0,1	-5,4	1,6	
2,70312500	2,7	-214	-0,0	-2,1	5,1	-0,1	-6,6	2,0	
2,70703125	5,4	-215	-0,0	-2,5	4,8	-0,1	-6,7	1,8	
2,71093750	4,7	-183	0,0	-2,4	5,1	-0,1	-6,5	1,6	
2,71484375	2,3	-110	0,2	-2,8	6,2	-0,1	-6,9	2,1	
2,71875000	4,3	-192	0,2	-2,2	5,9	-0,1	-5,7	1,7	
2,72265625	3,1	-81	-0,1	-2,4	5,2	-0,1	-4,8	1,5	
2,72656250	3,4	-150	0,2	-2,4	5,8	-0,1	-6,3	2,2	
2,73046875	2,4	-200	-0,2	-2,5	5,4	-0,1	-5,2	2,2	
2,73437500	4,6	-180	-0,3	-1,8	5,7	-0,1	-5,5	2,2	
2,73828125	7,5	-200	-0,3	-2,8	5,2	-0,1	-6,6	1,9	
2,74218750	5,3	-142	0,1	-2,2	5,3	-0,1	-6,2	1,8	
2,74609375	5,4	-165	0,1	-1,2	5,5	-0,1	-7,2	1,9	
2,75000000	3,3	-160	-0,2	-2,9	6,2	-0,1	-6,5	2,0	
2,75390625	4,4	-191	0,1	-1,4	5,4	-0,1	-5,8	1,5	
2,75781250	6,2	-198	0,0	-2,3	4,4	-0,1	-6,1	2,1	
2,76171875	4,5	-176	-0,2	-2,1	6,0	-0,1	-6,1	2,2	
2,76562500	3,2	-168	0,0	-3,3	5,9	-0,3	-5,8	1,8	
2,76953125	5,3	-121	-0,2	-2,5	5,8	-0,3	-6,8	1,7	
2,77343750	4,1	-220	0,1	-1,7	4,8	-0,3	-6,5	2,0	
2,77734375	3,7	-79	-0,2	-2,3	6,2	-0,1	-6,3	1,9	
2,78125000	5,1	-157	0,1	-2,3	5,3	-0,3	-7,1	1,9	
2,78515625	4,8	-135	-0,1	-1,0	5,6	-0,4	-5,9	2,1	
2,78906250	4,6	-210	-0,0	-2,1	6,0	-0,4	-7,0	1,6	
2,79296875	5,0	-106	0,2	-1,6	5,5	-0,4	-5,9	2,3	
2,79687500	5,8	-247	-0,4	-2,1	6,0	-0,4	-6,7	2,0	
2,80078125	5,6	-233	0,0	-2,6	6,1	-0,3	-5,6	1,5	
2,80468750	4,3	-210	0,1	-2,9	4,3	-0,1	-6,5	2,2	
2,80859375	3,5	-185	-0,2	-2,4	5,5	-0,1	-6,4	2,0	
2,81250000	3,5	-224	-0,2	-1,9	5,7	-0,1	-5,4	2,1	
2,81640625	2,2	-151	0,4	-2,0	5,2	-0,1	-6,5	1,7	
2,82031250	3,2	-190	0,0	-1,9	5,1	-0,1	-6,0	2,3	
2,82421875	4,2	-207	-0,2	-1,2	5,8	-0,3	-5,7	2,2	
2,82812500	2,7	-150	0,1	-2,5	6,1	-0,3	-6,1	2,1	
2,83203125	5,7	-259	0,0	-0,8	5,4	-0,3	-6,6	2,1	
2,83593750	4,7	-237	-0,1	-0,9	6,1	-0,1	-5,8	2,2	
2,83984375	4,5	-171	-0,2	-2,2	6,6	-0,1	-6,2	2,0	
2,84375000	2,8	-161	-0,0	-1,9	5,8	-0,1	-6,9	2,0	
2,84765625	2,4	-193	0,2	-1,6	5,2	-0,1	-5,8	2,2	
2,85156250	4,9	-132	0,5	-2,3	5,5	-0,1	-5,6	2,3	
2,85546875	3,9	-221	0,2	-2,5	5,2	-0,1	-6,3	2,0	
2,85937500	2,6	-224	-0,2	-2,3	4,9	-0,1	-5,8	1,9	
2,86328125	3,7	-150	0,1	-2,0	6,5	-0,1	-5,8	2,0	
2,86718750	5,1	-140	0,0	-2,4	5,1	-0,1	-6,9	2,0	
2,87109375	5,9	-178	-0,1	-2,3	5,4	-0,1	-5,6	2,0	
2,87500000	4,9	-179	-0,4	-2,6	4,9	-0,1	-5,9	2,1	
2,87890625	3,3	-195	-0,1	-2,0	5,1	-0,1	-6,3	1,9	
2,88281250	2,8	-245	0,0	-2,4	4,6	-0,1	-6,3	2,1	
2,88671875	4,3	-128	-0,0	-1,4	5,3	-0,1	-5,9	1,9	
2,89062500	1,5	-140	0,0	-1,8	5,8	-0,1	-6,8	1,9	
2,89453125	3,5	-158	0,0	-2,0	5,6	-0,1	-7,1	1,9	
2,89843750	4,3	-194	-0,0	-1,5	6,5	-0,1	-6,3	2,2	
2,90234375	5,0	-193	0,3	-2,7	5,9	-0,1	-6,6	1,7	
2,90625000	2,2	-208	-0,1	-1,6	5,8	-0,1	-6,2	2,1	
2,91015625	3,5	-163	0,1	-2,4	5,6	-0,1	-6,0	1,8	
2,91406250	4,7	-148	-0,1	-2,1	5,6	-0,1	-6,6	1,8	
2,91796875	3,6	-174	-0,3	-1,6	5,7	-0,1	-6,5	2,0	
2,92187500	7,2	-216	0,1	-1,8	4,8	-0,1	-6,0	2,2	
2,92578125	4,9	-220	-0,2	-3,1	6,8	-0,1	-6,5	2,1	
2,92968750	4,8	-173	-0,2	-2,0	4,7	-0,1	-6,6	2,1	
2,93359375	4,3	-92	-0,0	-1,7	5,3	-0,1	-6,8	1,9	
2,93750000	3,6	-209	-0,2	-2,9	4,6	-0,1	-6,7	1,7	
2,94140625	4,6	-137	-0,1	-2,8	6,6	-0,1	-5,9	2,0	
2,94531250	4,4	-120	-0,1	-1,4	5,4	-0,1	-5,7	2,0	
2,94921875	4,0	-237	0,1	-2,6	6,2	-0,1	-6,5	1,9	
2,95312500	5,2	-231	-0,1	-1,8	5,6	-0,1	-6,3	2,5	
2,95703125	6,1	-235	-0,0	-1,7	5,7	-0,1	-7,1	1,8	
2,96093750	4,9	-130	0,1	-2,0	4,2	-0,1	-6,4	1,8	
2,96484375	5,9	-137	0,2	-2,0	5,6	-0,1	-6,2	1,8	
2,96875000	5,7	-288	0,1	-1,6	5,6	-0,1	-6,0	2,1	
2,97265625	5,7	-160	-0,0	-1,6	5,8	-0,1	-7,4	1,6	
2,97656250	5,3	-186	-0,4	-2,0	5,4	-0,1	-6,3	2,2	
2,98046875	4,9	-138	-0,0	-2,5	5,7	-0,1	-6,9	1,9	
2,98437500	4,3	-228	-0,1	-1,9	5,0	-0,1	-5,7	1,8	
2,98828125	5,0	-178	-0,5	-2,9	5,3	-0,1	-5,8	2,1	
2,99218750	6,7	-102	0,1	-1,7	5,7	-0,1	-7,0	1,8	
2,99609375	4,7	-198	-0,2	-1,8	5,8	-0,1	-6,1	1,9	
3,00000000	3,8	-80	0,2	-2,1	5,4	-0,1	-6,6	2,2	
3,00390625	6,5	-161	-0,3	-1,4	4,5	-0,1	-6,6	2,2	
3,00781250	4,5	-194	-0,4	-1,3	5,4	-0,1	-6,0	2,1	
3,01171875	3,5	-156	0,1	-2,0	4,8	-0,1	-6,6	2,0	
3,01562500	4,7	-123	0,2	-2,4	5,4	-0,1	-6,6	2,1	
3,01953125	4,7	-138	-0,3	-1,2	6,2	-0,1	-5,8	1,8	
3,02343750	4,0	-206	-0,1	-1,8	4,9	-0,1	-6,0	1,9	
3,02734375	3,7	-105	-0,2	-2,0	5,6	-0,1	-7,1	1,7	
3,03125000	4,0	-133	0,1	-1,7	5,2	-0,1	-6,1	2,2	
3,03515625	4,0	-124	-0,5	-1,8	6,0	-0,1	-6,2	2,2	
3,03906250	3,5	-181	0,4	-1,5	5,1	-0,1	-6,2	1,8	
3,04296875	2,3	-121	-0,3	-2,0	6,6	-0,3	-7,6	1,7	
3,04687500	3,7	-229	-0,1	-2,2	6,1	-0,3	-7,1	1,4	
3,05078125	4,7	-198	-0,0	-1,1	4,6	-0,3	-7,5	1,8	
3,05468750	4,1	-98	-0,1	-1,9	5,3	-0,1	-6,2	1,9	
3,05859375	2,2	-193	0,1	-1,6	5,3	-0,1	-6,8	1,7	
3,06250000	3,5	-164	-0,2	-1,7	5,6	-0,1	-6,0	1,8	
3,06640625	4,0	-50	-0,5	-1,9	5,5	-0,1	-7,1	1,7	
3,07031250	3,0	-106	0,2	-2,4	5,7	-0,1	-7,4	2,2	
3,07421875	3,7	-237	-0,2	-2,2	4,9	-0,1	-6,3	1,9	
3,07812500	1,7	-117	-0,0	-2,9	4,5	-0,1	-6,8	2,2	
3,08203125	3,7	-211	-0,4	-3,1	5,8	-0,1	-6,5	1,6	
3,08593750	3,7	-87	-0,5	-1,4	5,3	-0,3	-5,9	1,9	
3,08984375	2,9	-145	0,0	-2,4	6,3	-0,3	-6,9	2,2	
3,09375000	6,3	-282	0,4	-2,6	5,1	-0,3	-6,5	1,8	
3,09765625	3,5	-99	-0,0	-2,7	5,2	-0,3	-6,5	1,9	
3,10156250	3,3	-207	0,1	-2,3	6,1	-0,3	-6,9	1,9	
3,10546875	4,5	-129	0,1	-3,2	5,7	-0,3	-6,6	1,8	
3,10937500	4,0	-186	-0,4	-1,7	5,2	-0,1	-6,3	1,8	
3,11328125	5,0	-130	0,3	-1,9	4,7	-0,3	-7,4	2,2	
3,11718750	5,2	-263	-0,1	-2,5	4,6	-0,3	-7,7	1,6	
3,12109375	2,1	-187	-0,2	-2,2	5,4	-0,3	-6,5	1,7	
3,12500000	2,4	-115	-0,1	-2,1	5,0	-0,3	-6,4	1,9	
3,12890625	3,6	-211	-0,1	-2,2	5,6	-0,3	-5,9	1,8	
3,13281250	2,1	-121	0,2	-2,2	5,3	-0,3	-5,9	2,0	
3,13671875	4,2	-241	-0,1	-2,2	5,4	-0,1	-6,2	1,8	
3,14062500	3,7	-239	-0,0	-2,3	5,2	-0,3	-6,7	2,1	
3,14453125	3,0	-190	0,1	-2,3	5,5	-0,3	-6,5	2,2	
3,14843750	3,3	-151	-0,2	-3,5	6,0	-0,3	-5,6	2,0	
3,15234375	3,6	-208	-0,1	-2,4	5,2	-0,1	-6,6	1,7	
3,15625000	3,7	-207	-0,2	-2,5	4,9	-0,1	-5,8	1,7	
3,16015625	4,2	-234	0,1	-1,9	4,8	-0,1	-5,7	1,8	
3,16406250	4,2	-185	-0,4	-1,9	5,9	-0,1	-5,7	2,3	
3,16796875	3,9	-114	0,0	-1,8	5,4	-0,1	-5,8	2,0	
3,17187500	4,0	-143	-0,1	-2,4	5,5	-0,1	-6,2	2,1	
3,17578125	2,9	-78	0,2	-1,8	5,8	-0,1	-7,0	1,8	
3,17968750	3,3	-227	-0,2	-1,6	6,3	-0,3	-7,0	1,9	
3,18359375	4,3	-189	-0,1	-2,0	5,3	-0,3	-6,7	2,2	
3,18750000	3,7	-227	0,1	-2,1	5,4	-0,3	-6,4	1,7	
3,19140625	2,6	-186	-0,1	-2,5	5,5	-0,1	-6,2	2,2	
3,19531250	2,4	-207	-0,3	-2,3	5,6	-0,1	-5,6	2,2	
3,19921875	3,2	-111	-0,1	-1,5	5,6	-0,1	-6,8	2,0	
3,20312500	3,6	-203	-0,7	-1,7	5,1	-0,1	-6,9	2,0	
3,20703125	3,2	-137	-0,1	-2,0	5,9	-0,1	-5,8	1,7	
3,21093750	3,7	-223	0,2	-1,3	4,4	-0,1	-6,4	1,8	
3,21484375	3,7	-220	0,0	-1,9	5,6	-0,1	-6,3	1,7	
3,21875000	2,8	-132	0,1	-2,2	5,6	-0,1	-6,2	1,6	
3,22265625	3,9	-188	-0,3	-2,1	5,3	-0,1	-5,8	2,1	
3,22656250	3,8	-265	0,0	-2,2	5,5	-0,1	-5,8	1,4	
3,23046875	3,5	-161	-0,2	-2,4	5,7	-0,1	-5,9	2,3	
3,23437500	3,8	-77	0,2	-1,9	6,0	-0,1	-5,0	1,8	
3,23828125	4,7	-163	-0,0	-1,8	5,4	-0,1	-5,8	1,8	
3,24218750	2,2	-204	-0,0	-1,6	5,9	-0,1	-6,5	1,6	
3,24609375	2,8	-179	-0,1	-2,2	4,2	-0,1	-6,1	2,2	
3,25000000	2,7	-190	-0,1	-1,9	5,7	-0,1	-5,3	1,5	
3,25390625	2,5	-53	-0,3	-2,5	4,8	-0,1	-6,8	2,0	
3,25781250	2,4	-149	0,1	-3,0	6,3	-0,1	-5,8	1,9	
3,26171875	3,6	-261	-0,3	-1,0	5,8	-0,1	-6,5	1,6	
3,26562500	2,3	-162	-0,6	-2,6	5,6	-0,1	-6,9	1,9	
3,26953125	3,4	-194	0,0	-2,7	6,0	-0,1	-6,6	2,0	
3,27343750	3,1	-222	-0,1	-2,4	5,2	-0,1	-6,3	2,0	
3,27734375	5,1	-136	-0,1	-2,2	6,0	-0,1	-5,6	1,6	
3,28125000	2,5	-224	-0,2	-2,0	5,4	-0,3	-6,6	2,3	
3,28515625	4,6	-127	-0,1	-2,3	6,7	-0,3	-5,6	2,1	
3,28906250	3,2	-87	-0,0	-1,8	5,2	-0,3	-6,4	2,1	
3,29296875	3,7	-231	0,0	-2,2	5,6	-0,1	-5,6	1,9	
3,29687500	3,6	-175	0,1	-1,7	4,8	-0,1	-6,2	2,0	
3,30078125	2,6	-151	0,1	-2,5	5,7	-0,1	-6,6	2,0	
3,30468750	3,1	-181	-0,5	-2,0	5,2	-0,1	-5,4	1,8	
3,30859375	4,1	-125	-0,0	-2,1	5,2	-0,1	-6,6	1,8	
3,31250000	3,4	-143	-0,1	-1,8	5,3	-0,3	-6,3	1,8	
3,31640625	3,8	-155	0,3	-1,8	5,5	-0,3	-5,5	1,8	
3,32031250	2,1	-205	-0,2	-2,4	5,4	-0,3	-7,3	2,0	
3,32421875	3,9	-163	-0,3	-1,8	6,0	-0,1	-6,8	2,5	
3,32812500	5,5	-208	0,1	-1,8	4,9	-0,1	-5,7	2,2	
3,33203125	3,9	-182	0,0	-1,9	6,2	-0,1	-6,6	1,5	
3,33593750	4,0	-123	-0,1	-1,7	6,6	-0,1	-6,3	1,7	
3,33984375	2,6	-101	0,1	-2,0	5,4	-0,1	-5,9	1,8	
3,34375000	4,7	-128	-0,1	-2,4	6,1	-0,1	-7,3	2,1	
3,34765625	3,6	-147	0,1	-2,5	5,8	-0,1	-4,8	1,9	
3,35156250	3,1	-215	-0,4	-2,0	5,3	-0,3	-6,1	1,7	
3,35546875	2,5	-165	-0,2	-2,3	5,5	-0,3	-7,2	1,6	
3,35937500	4,1	-205	-0,2	-2,1	5,8	-0,3	-5,7	2,1	
3,36328125	3,6	-134	-0,3	-0,7	5,0	-0,3	-6,7	2,1	
3,36718750	3,9	-153	0,1	-2,1	5,2	-0,3	-5,4	1,6	
3,37109375	4,8	-134	-0,1	-2,8	5,5	-0,3	-5,4	2,2	
3,37500000	5,5	-138	0,1	-2,0	5,4	-0,4	-6,7	1,9	
3,37890625	1,4	-91	-0,0	-3,0	5,9	-0,4	-6,9	2,3	
3,38281250	4,1	-149	-0,4	-1,6	5,5	-0,3	-7,1	1,7	
3,38671875	3,6	-152	0,1	-1,3	5,4	-0,1	-5,7	1,8	
3,39062500	3,3	-130	-0,2	-1,2	5,4	-0,1	-6,7	1,9	
3,39453125	3,5	-94	0,0	-1,3	5,4	-0,1	-6,2	1,9	
3,39843750	2,1	-209	0,2	-1,2	5,5	-0,1	-6,2	2,1	
3,40234375	3,5	-164	-0,3	-2,7	5,4	-0,1	-6,1	2,0	
3,40625000	4,0	-153	-0,0	-1,8	6,3	-0,1	-6,6	2,1	
3,41015625	3,9	-180	-0,0	-3,0	5,9	-0,1	-6,1	1,9	
3,41406250	1,6	-178	0,1	-2,5	5,0	-0,1	-6,6	2,0	
3,41796875	2,4	-190	0,4	-1,5	5,2	-0,1	-6,1	2,2	
3,42187500	4,8	-115	0,1	-1,8	5,4	-0,1	-6,3	1,9	
3,42578125	0,9	-181	-0,1	-1,7	5,2	-0,1	-6,1	1,6	
3,42968750	3,1	-201	0,3	-1,3	5,1	-0,1	-5,8	2,0	
3,43359375	4,9	-81	-0,3	-1,5	6,1	-0,1	-6,5	1,7	
3,43750000	3,8	-135	0,2	-2,7	5,0	-0,1	-6,0	2,0	
3,44140625	3,0	-141	-0,1	-2,2	5,4	-0,3	-5,6	2,2	
3,44531250	2,3	-182	-0,4	-1,1	5,3	-0,3	-6,3	1,8	
3,44921875	3,3	-51	0,0	-2,9	5,0	-0,3	-5,9	1,7	
3,45312500	2,9	-172	-0,2	-2,8	5,8	-0,1	-5,3	1,9	
3,45703125	3,6	-192	-0,2	-0,9	5,6	-0,1	-6,1	2,0	
3,46093750	3,1	-247	0,4	-2,0	5,2	-0,1	-5,9	1,9	
3,46484375	2,7	-161	0,4	-2,8	5,0	-0,1	-6,1	1,9	
3,46875000	2,1	-176	-0,0	-1,9	4,9	-0,1	-5,3	1,8	
3,47265625	2,5	-118	0,1	-1,8	5,8	-0,1	-6,9	1,8	
3,47656250	2,0	-82	0,2	-1,7	5,3	-0,1	-6,3	1,9	
3,48046875	4,0	-193	-0,5	-2,5	4,8	-0,1	-6,3	1,8	
3,48437500	2,5	-92	0,2	-1,9	5,1	-0,1	-6,4	2,2	
3,48828125	2,7	-131	-0,2	-2,1	5,3	-0,1	-6,2	2,0	
3,49218750	4,0	-189	0,0	-2,3	4,9	-0,1	-6,0	2,1	
3,49609375	3,6	-168	0,1	-2,9	5,6	-0,1	-6,4	2,5	
3,50000000	4,6	-173	-0,4	-3,4	6,1	-0,1	-6,6	1,7	
3,50390625	4,0	-204	-0,0	-3,6	6,2	-0,1	-6,7	2,0	
3,50781250	3,9	-188	0,2	-2,1	5,1	-0,1	-5,5	2,0	
3,51171875	2,8	-180	-0,2	-3,0	5,9	-0,1	-6,1	2,1	
3,51562500	4,0	-166	-0,4	-1,8	5,8	-0,1	-6,0	1,8	
3,51953125	3,7	-139	0,0	-2,6	5,7	-0,1	-5,7	1,8	
3,52343750	4,7	-181	-0,0	-1,3	5,9	-0,1	-5,9	1,6	
3,52734375	1,8	-197	-0,1	-1,8	6,0	-0,1	-6,2	1,7	
3,53125000	3,0	-107	-0,2	-2,3	5,6	-0,1	-6,1	2,0	
3,53515625	3,8	-235	-0,6	-2,4	6,2	-0,1	-5,5	1,5	
3,53906250	3,1	-160	-0,2	-2,9	5,4	-0,1	-5,9	2,1	
3,54296875	2,0	-177	-0,3	-1,8	5,6	-0,1	-6,1	1,9	
3,54687500	3,0	-150	-0,5	-2,0	4,8	-0,1	-6,5	2,1	
3,55078125	2,5	-176	0,0	-2,9	4,7	-0,3	-6,4	2,2	
3,55468750	2,8	-199	-0,3	-1,9	4,9	-0,3	-6,8	2,1	
3,55859375	3,8	-42	-0,1	-2,4	5,3	-0,3	-6,6	2,0	
3,56250000	3,6	-107	-0,2	-1,5	4,9	-0,1	-6,9	2,1	
3,56640625	3,6	-149	-0,1	-1,8	5,7	-0,1	-5,6	2,0	
3,57031250	4,3	-76	-0,3	-1,7	5,7	-0,1	-6,2	2,3	
3,57421875	4,7	-152	-0,1	-2,0	6,1	-0,1	-5,4	1,7	
3,57812500	5,6	-179	0,0	-1,9	6,0	-0,1	-6,5	1,7	
3,58203125	3,6	-104	0,5	-2,0	5,4	-0,1	-6,5	2,2	
3,58593750	3,7	-215	-0,3	-1,7	5,5	-0,1	-6,1	1,9	
3,58984375	4,3	-110	-0,3	-1,4	5,5	-0,1	-6,3	1,8	
3,59375000	3,3	-229	-0,3	-1,2	5,5	-0,1	-6,6	2,0	
3,59765625	3,2	-309	0,2	-2,7	5,2	-0,1	-6,3	1,8	
3,60156250	2,6	-114	0,1	-2,0	5,5	-0,1	-6,3	1,9	
3,60546875	4,5	-144	-0,1	-3,1	6,6	-0,1	-5,9	2,0	
3,60937500	4,1	-142	0,0	-1,1	5,9	-0,1	-5,9	2,1	
3,61328125	4,1	-146	-0,3	-2,1	6,4	-0,1	-6,1	1,8	
3,61718750	4,0	-129	-0,2	-1,8	5,4	-0,1	-6,3	2,0	
3,62109375	4,5	-153	-0,2	-2,5	6,0	-0,1	-5,5	2,3	
3,62500000	4,1	-174	0,1	-2,3	5,9	-0,1	-6,4	1,8	
3,62890625	5,6	-79	-0,3	-2,2	5,6	-0,1	-6,9	2,3	
3,63281250	3,5	-208	0,2	-2,2	5,5	-0,3	-5,8	1,7	
3,63671875	4,0	-185	-0,3	-2,0	4,9	-0,3	-6,1	1,8	
3,64062500	5,3	-115	0,0	-2,0	5,8	-0,3	-6,2	1,8	
3,64453125	3,0	-172	-0,4	-2,2	5,4	-0,1	-6,7	1,7	
3,64843750	5,6	-167	-0,2	-2,0	5,2	-0,1	-5,9	2,1	
3,65234375	4,7	-228	-0,3	-2,6	5,0	-0,1	-5,5	1,9	
3,65625000	3,4	-165	-0,3	-1,3	5,3	-0,3	-5,7	1,7	
3,66015625	3,2	-256	-0,1	-1,3	5,4	-0,3	-5,4	1,8	
3,66406250	6,4	-56	-0,1	-1,5	6,4	-0,3	-6,3	2,3	
3,66796875	5,2	-152	-0,4	-2,1	4,7	-0,1	-6,3	2,0	
3,67187500	4,0	-164	-0,3	-2,1	5,8	-0,1	-6,4	2,3	
3,67578125	4,4	-220	-0,1	-1,8	5,7	-0,1	-6,0	2,1	
3,67968750	2,7	-142	0,3	-2,5	6,8	-0,1	-6,7	2,0	
3,68359375	4,1	-116	-0,1	-2,6	5,4	-0,1	-6,7	2,5	
3,68750000	3,1	-227	-0,2	-1,4	4,9	-0,1	-5,3	1,9	
3,69140625	2,9	-238	-0,1	-2,6	5,5	-0,1	-6,5	2,0	
3,69531250	2,4	-188	0,3	-2,0	6,2	-0,1	-5,1	1,9	
3,69921875	4,1	-165	0,2	-1,6	5,1	-0,1	-5,9	1,5	
3,70312500	3,9	-193	0,2	-2,0	5,8	-0,1	-6,0	2,3	
3,70703125	3,8	-150	-0,0	-2,1	5,2	-0,3	-6,5	2,1	
3,71093750	4,1	-218	-0,1	-3,2	5,2	-0,3	-6,5	1,7	
3,71484375	3,5	-149	-0,2	-1,6	5,2	-0,3	-6,6	1,8	
3,71875000	2,4	-186	0,1	-0,9	5,7	-0,1	-6,2	1,6	
3,72265625	4,5	-255	0,4	-1,6	5,3	-0,1	-6,6	1,9	
3,72656250	5,5	-106	0,2	-2,1	4,8	-0,1	-6,1	1,7	
3,73046875	3,6	-173	-0,0	-2,0	5,1	-0,1	-6,9	2,0	
3,73437500	1,7	-224	-0,0	-1,3	5,3	-0,1	-6,8	1,6	
3,73828125	5,2	-220	0,1	-1,2	5,3	-0,1	-6,4	1,5	
3,74218750	5,7	-183	-0,3	-2,4	6,0	-0,1	-6,4	1,7	
3,74609375	4,3	-157	-0,5	-2,4	4,5	-0,1	-6,9	1,8	
3,75000000	3,3	-138	-0,0	-2,3	5,7	-0,1	-6,5	1,7	
3,75390625	3,3	-115	0,1	-2,5	4,9	-0,1	-6,9	1,9	
3,75781250	4,7	-192	-0,2	-1,5	5,7	-0,1	-6,3	1,9	
3,76171875	4,9	-226	-0,1	-1,0	5,1	-0,3	-6,3	2,1	
3,76562500	6,0	-186	0,4	-1,3	4,6	-0,3	-6,6	1,9	
3,76953125	2,3	-110	-0,0	-1,7	5,8	-0,3	-6,7	1,8	
3,77343750	3,4	-210	-0,0	-2,7	5,2	-0,1	-6,8	2,0	
3,77734375	3,7	-206	-0,1	-1,3	5,2	-0,1	-6,1	2,0	
3,78125000	4,7	-130	-0,1	-2,1	5,0	-0,1	-6,5	1,9	
3,78515625	3,6	-157	-0,0	-2,2	5,8	-0,1	-6,4	2,0	
3,78906250	4,0	-220	-0,1	-1,6	5,3	-0,1	-5,9	1,8	
3,79296875	5,8	-178	0,1	-2,5	6,2	-0,1	-5,9	1,7	
3,79687500	2,6	-69	0,2	-1,7	5,2	-0,1	-5,8	1,8	
3,80078125	3,3	-186	0,1	-1,5	5,0	-0,1	-5,6	1,5	
3,80468750	4,4	-111	0,2	-2,4	5,4	-0,1	-6,5	1,4	
3,80859375	4,9	-168	0,2	-2,3	5,1	-0,1	-6,4	1,9	
3,81250000	4,0	-238	-0,2	-2,2	5,7	-0,1	-6,3	1,8	
3,81640625	2,9	-189	-0,3	-1,9	5,3	-0,1	-6,2	2,2	
3,82031250	3,9	-139	-0,1	-2,7	5,0	-0,1	-6,4	1,9	
3,82421875	4,4	-273	-0,1	-2,1	6,0	-0,3	-6,6	2,2	
3,82812500	5,3	-218	0,0	-1,6	5,6	-0,3	-6,0	1,9	
3,83203125	3,1	-140	0,2	-1,5	5,9	-0,3	-7,0	1,5	
3,83593750	0,6	-110	0,4	-3,2	5,1	-0,1	-6,2	1,8	
3,83984375	4,2	-132	-0,4	-0,7	5,1	-0,1	-6,4	2,2	
3,84375000	4,4	-171	0,5	-2,9	6,4	-0,1	-6,3	2,2	
3,84765625	4,6	-232	-0,1	-2,1	6,2	-0,1	-6,2	2,2	
3,85156250	3,5	-183	-0,3	-1,7	5,2	-0,1	-6,6	2,4	
3,85546875	2,5	-106	-0,2	-2,3	5,4	-0,1	-6,4	2,1	
3,85937500	4,9	-158	-0,0	-1,3	5,2	-0,1	-6,7	2,0	
3,86328125	4,2	-134	-0,0	-2,5	5,9	-0,3	-6,3	1,7	
3,86718750	5,1	-129	-0,0	-2,2	5,8	-0,3	-6,6	1,8	
3,87109375	8,2	-131	-0,4	-2,4	5,0	-0,3	-6,2	2,1	
3,87500000	5,3	-153	0,1	-2,8	5,4	-0,1	-5,4	2,5	
3,87890625	3,7	-199	-0,3	-2,0	5,5	-0,1	-7,1	1,9	
3,88281250	2,5	-206	0,2	-1,8	5,4	-0,1	-5,7	2,0	
3,88671875	3,1	-198	-0,4	-1,4	5,7	-0,1	-5,7	1,4	
3,89062500	4,0	-206	0,1	-2,4	5,8	-0,1	-6,9	1,9	
3,89453125	4,7	-199	0,0	-3,0	5,3	-0,1	-5,6	2,0	
3,89843750	5,6	-121	0,3	-2,4	5,9	-0,1	-6,0	1,8	
3,90234375	4,5	-182	-0,3	-1,7	4,7	-0,1	-6,2	1,6	
3,90625000	3,7	-188	0,1	-1,1	6,1	-0,1	-6,3	2,2	
3,91015625	4,7	-247	-0,0	-2,2	5,5	-0,1	-5,7	1,9	
3,91406250	3,8	-153	-0,2	-1,7	6,2	-0,1	-4,8	1,8	
3,91796875	4,4	-120	-0,2	-2,3	5,9	-0,1	-5,9	2,1	
3,92187500	4,7	-117	0,1	-2,2	6,2	-0,1	-6,2	1,9	
3,92578125	5,4	-137	-0,3	-3,1	5,0	-0,1	-6,3	2,2	
3,92968750	3,3	-120	0,4	-2,2	5,7	-0,1	-5,7	2,0	
3,93359375	2,7	-177	-0,2	-1,7	5,1	-0,1	-6,6	1,9	
3,93750000	4,9	-110	-0,0	-2,0	6,0	-0,1	-5,9	1,7	
3,94140625	5,7	-146	0,1	-2,3	5,7	-0,1	-5,8	1,5	
3,94531250	4,7	-212	0,0	-2,4	6,6	-0,1	-6,3	1,7	
3,94921875	1,4	-245	-0,3	-2,6	4,1	-0,1	-6,0	1,5	
3,95312500	3,1	-183	-0,2	-2,4	5,2	-0,1	-6,0	2,2	
3,95703125	3,5	-98	0,0	-1,9	5,3	-0,1	-6,2	1,7	
3,96093750	3,4	-177	-0,1	-0,9	5,0	-0,1	-6,6	1,9	
3,96484375	3,4	-112	-0,3	-2,4	6,0	-0,1	-6,0	1,7	
3,96875000	3,3	-199	0,5	-1,6	6,2	-0,1	-6,5	1,8	
3,97265625	1,8	-98	-0,3	-2,0	5,3	-0,1	-5,9	2,1	
3,97656250	3,5	-113	0,3	-2,9	5,6	-0,1	-5,6	1,6	
3,98046875	4,4	-231	0,1	-1,4	5,6	-0,1	-5,7	1,9	
3,98437500	4,8	-112	-0,2	-3,0	5,6	-0,1	-5,8	2,1	
3,98828125	4,5	-198	-0,3	-1,9	4,9	-0,1	-6,3	1,9	
3,99218750	3,5	-139	0,4	-1,1	5,4	-0,1	-6,4	2,2	
3,99609375	3,9	-183	0,0	-1,2	5,8	-0,1	-7,0	2,1	
4,00000000	4,1	-226	0,1	-2,0	5,3	-0,1	-6,1	1,6	
4,00390625	3,4	-238	-0,1	-1,4	5,9	-0,1	-5,9	1,8	
4,00781250	4,2	-200	0,0	-1,9	6,0	-0,3	-7,5	2,1	
4,01171875	5,4	-162	-0,1	-2,3	5,2	-0,3	-6,2	1,9	
4,01562500	3,9	-198	-0,3	-1,4	5,6	-0,3	-5,9	1,9	
4,01953125	5,7	-236	-0,3	-1,3	4,9	-0,1	-6,4	2,0	
4,02343750	6,0	-59	-0,1	-2,7	5,5	-0,1	-6,5	1,7	
4,02734375	4,4	-206	-0,1	-2,3	5,6	-0,1	-6,4	2,0	
4,03125000	3,9	-138	-0,3	-1,5	6,0	-0,1	-6,7	1,6	
4,03515625	6,1	-102	-0,0	-2,3	5,5	-0,1	-6,5	1,9	
4,03906250	4,3	-207	-0,0	-2,2	5,5	-0,1	-6,2	2,1	
4,04296875	4,3	-118	-0,3	-2,6	5,4	-0,1	-7,3	1,6	
4,04687500	4,2	-160	0,1	-2,5	5,6	-0,3	-5,7	2,1	
4,05078125	4,8	-204	0,2	-3,1	4,5	-0,3	-6,2	1,9	
4,05468750	4,8	-172	0,4	-2,6	5,4	-0,3	-6,4	2,3	
4,05859375	4,9	-217	-0,1	-1,8	6,1	-0,1	-6,3	2,1	
4,06250000	2,9	-116	0,2	-2,6	4,7	-0,1	-6,0	2,3	
4,06640625	3,8	-117	-0,3	-1,5	5,1	-0,1	-6,0	2,0	
4,07031250	2,7	-171	0,1	-1,9	5,3	-0,1	-6,5	2,0	
4,07421875	5,0	-132	0,1	-2,1	5,5	-0,1	-6,6	2,3	
4,07812500	3,2	-112	0,1	-2,5	4,7	-0,1	-6,3	2,1	
4,08203125	3,3	-159	-0,0	-1,9	5,0	-0,1	-6,4	1,6	
4,08593750	4,8	-153	0,2	-1,9	5,6	-0,3	-7,3	1,6	
4,08984375	3,3	-140	-0,1	-2,3	4,8	-0,3	-6,8	2,0	
4,09375000	2,4	-140	0,1	-2,7	5,6	-0,3	-7,3	1,9	
4,09765625	5,4	-251	0,1	-1,9	4,7	-0,1	-6,5	2,0	
4,10156250	5,4	-222	-0,1	-1,9	4,2	-0,1	-7,0	1,9	
4,10546875	3,9	-234	-0,1	-1,9	5,0	-0,1	-6,0	1,7	
4,10937500	3,1	-136	0,3	-1,9	4,8	-0,1	-6,5	2,1	
4,11328125	4,4	-128	0,2	-1,2	5,4	-0,1	-6,0	2,0	
4,11718750	4,2	-195	0,3	-1,8	5,5	-0,1	-6,0	2,1	
4,12109375	3,4	-143	-0,2	-2,5	5,5	-0,1	-6,3	2,0	
4,12500000	4,0	-141	0,3	-1,4	5,7	-0,1	-6,2	1,8	
4,12890625	3,6	-163	0,2	-2,3	5,6	-0,1	-5,9	2,2	
4,13281250	3,9	-115	0,1	-2,1	4,7	-0,1	-6,1	2,4	
4,13671875	3,7	-325	-0,4	-2,4	5,7	-0,3	-6,4	1,7	
4,14062500	5,2	-146	0,0	-2,0	6,3	-0,3	-6,7	1,3	
4,14453125	3,3	-208	0,0	-2,8	4,6	-0,3	-6,7	1,7	
4,14843750	3,7	-93	-0,3	-2,9	5,2	-0,1	-7,3	2,0	
4,15234375	4,0	-200	-0,2	-1,9	5,1	-0,1	-7,2	2,2	
4,15625000	5,4	-241	-0,1	-1,9	5,2	-0,1	-6,6	2,1	
4,16015625	5,9	-186	-0,1	-1,1	6,2	-0,1	-6,7	1,8	
4,16406250	5,4	-207	-0,2	-1,8	4,9	-0,3	-6,3	1,8	
4,16796875	6,5	-160	0,0	-2,1	5,5	-0,3	-5,8	2,1	
4,17187500	4,7	-113	-0,1	-1,4	5,2	-0,3	-5,8	2,0	
4,17578125	4,8	-177	-0,0	-2,7	5,1	-0,1	-6,7	1,7	
4,17968750	2,8	-193	0,1	-2,0	5,3	-0,1	-6,5	2,1	
4,18359375	3,1	-174	-0,0	-1,7	5,4	-0,1	-5,7	1,9	
4,18750000	3,9	-146	0,4	-2,0	5,6	-0,1	-5,5	1,9	
4,19140625	3,9	-211	-0,2	-2,6	4,7	-0,3	-5,5	2,0	
4,19531250	2,1	-107	-0,0	-2,0	5,8	-0,3	-6,2	1,7	
4,19921875	5,1	-193	-0,1	-1,4	5,6	-0,3	-5,6	2,4	
4,20312500	5,4	-214	0,4	-1,6	5,7	-0,1	-6,4	2,4	
4,20703125	4,8	-164	-0,0	-1,7	5,4	-0,1	-6,5	1,9	
4,21093750	3,0	-275	-0,3	-1,4	6,3	-0,1	-6,5	2,1	
4,21484375	3,0	-203	-0,5	-1,2	5,9	-0,1	-6,1	1,9	
4,21875000	2,8	-138	-0,2	-1,5	5,6	-0,1	-6,1	2,1	
4,22265625	2,5	-136	-0,2	-2,6	5,1	-0,1	-6,3	1,8	
4,22656250	3,0	-136	-0,1	-2,1	6,0	-0,1	-7,1	2,3	
4,23046875	4,3	-148	-0,0	-2,2	6,1	-0,1	-6,2	1,9	
4,23437500	3,7	-206	-0,5	-2,2	5,5	-0,1	-6,0	1,9	
4,23828125	4,4	-201	-0,1	-0,4	5,6	-0,1	-5,9	1,8	
4,24218750	3,9	-202	-0,1	-1,9	4,9	-0,1	-6,0	1,9	
4,24609375	4,5	-128	0,1	-1,3	6,5	-0,1	-5,9	2,2	
4,25000000	3,8	-76	-0,0	-1,5	4,4	-0,1	-6,1	1,8	
4,25390625	4,1	-129	0,2	-2,2	5,9	-0,1	-5,7	1,7	
4,25781250	3,9	-176	0,2	-1,8	5,3	-0,1	-5,8	1,6	
4,26171875	2,9	-176	-0,3	-1,8	5,4	-0,1	-5,6	2,0	
4,26562500	3,1	-133	-0,1	-1,7	4,8	-0,1	-7,0	2,0	
4,26953125	4,8	-183	0,0	-2,6	5,9	-0,1	-6,0	1,9	
4,27343750	5,1	-175	-0,3	-2,5	5,1	-0,1	-5,5	1,7	
4,27734375	2,1	-146	-0,4	-1,7	5,1	-0,1	-6,2	1,9	
4,28125000	4,2	-199	-0,0	-2,6	5,7	-0,1	-6,2	2,0	
4,28515625	1,6	-141	-0,3	-2,1	4,8	-0,1	-5,6	2,4	
4,28906250	5,4	-236	-0,1	-2,0	5,9	-0,1	-6,2	2,2	
4,29296875	5,2	-219	0,1	-2,4	5,7	-0,3	-6,5	1,7	
4,29687500	2,9	-159	-0,1	-2,6	4,9	-0,3	-5,3	1,6	
4,30078125	5,9	-146	-0,3	-2,0	5,4	-0,3	-6,8	1,9	
4,30468750	3,3	-146	-0,4	-1,9	5,4	-0,1	-6,7	2,0	
4,30859375	3,9	-160	0,3	-2,1	5,7	-0,1	-6,4	2,1	
4,31250000	3,2	-195	0,1	-2,4	5,4	-0,1	-6,1	1,8	
4,31640625	4,9	-247	-0,1	-1,6	5,0	-0,1	-6,5	1,8	
4,32031250	6,1	-171	-0,1	-1,6	5,3	-0,1	-6,4	2,1	
4,32421875	6,3	-174	-0,3	-1,5	5,5	-0,3	-6,9	2,2	
4,32812500	6,7	-131	-0,1	-1,2	5,9	-0,3	-5,6	1,9	
4,33203125	5,9	-209	-0,1	-2,3	6,0	-0,3	-5,6	1,8	
4,33593750	4,3	-158	0,2	-1,9	6,1	-0,1	-6,2	1,9	
4,33984375	4,6	-196	-0,2	-2,2	4,5	-0,1	-5,1	2,3	
4,34375000	2,7	-192	-0,4	-2,4	4,9	-0,1	-6,8	2,1	
4,34765625	2,9	-114	0,2	-2,5	5,3	-0,1	-5,6	2,0	
4,35156250	4,9	-134	-0,1	-3,0	5,7	-0,1	-6,5	2,2	
4,35546875	4,4	-161	0,1	-1,4	5,2	-0,3	-7,0	2,2	
4,35937500	5,2	-181	-0,2	-1,9	6,2	-0,3	-6,7	2,2	
4,36328125	6,2	-179	-0,3	-2,0	4,0	-0,3	-6,4	1,8	
4,36718750	5,4	-239	0,0	-1,2	4,9	-0,3	-6,0	2,4	
4,37109375	4,9	-208	-0,2	-2,5	4,6	-0,3	-6,8	2,2	
4,37500000	6,1	-187	-0,1	-1,4	5,7	-0,1	-6,1	2,0	
4,37890625	4,6	-139	-0,3	-1,8	5,2	-0,1	-5,6	1,9	
4,38281250	2,2	-178	0,0	-2,4	5,3	-0,1	-6,0	2,0	
4,38671875	3,0	-239	-0,4	-2,3	5,3	-0,1	-5,8	2,3	
4,39062500	3,5	-185	0,2	-1,5	4,9	-0,1	-6,6	1,9	
4,39453125	2,2	-98	0,0	-2,9	4,9	-0,1	-6,1	1,7	
4,39843750	2,0	-270	-0,2	-2,0	5,3	-0,1	-5,9	2,2	
4,40234375	3,3	-294	0,2	-1,6	5,6	-0,1	-6,2	1,9	
4,40625000	5,0	-196	-0,2	-2,0	5,9	-0,3	-6,8	2,2	
4,41015625	6,4	-180	-0,0	-2,3	4,9	-0,3	-7,3	1,5	
4,41406250	4,5	-82	-0,0	-1,3	5,2	-0,3	-6,4	2,1	
4,41796875	4,5	-176	-0,0	-2,3	5,5	-0,1	-6,1	2,2	
4,42187500	4,9	-144	-0,0	-2,2	6,0	-0,1	-6,6	2,3	
4,42578125	4,2	-130	0,0	-2,5	6,1	-0,1	-4,8	2,1	
4,42968750	4,1	-117	-0,0	-2,0	5,9	-0,1	-6,4	1,7	
4,43359375	4,7	-112	0,1	-1,8	6,4	-0,1	-6,6	1,7	
4,43750000	3,9	-229	0,4	-2,3	5,1	-0,1	-6,2	1,7	
4,44140625	4,9	-160	-0,3	-1,7	5,5	-0,1	-6,2	2,0	
4,44531250	4,0	-205	-0,1	-1,6	5,2	-0,1	-6,3	2,2	
4,44921875	1,2	-103	0,2	-2,3	6,0	-0,3	-6,0	1,8	
4,45312500	4,8	-120	-0,2	-2,1	5,7	-0,3	-6,4	1,7	
4,45703125	3,9	-271	-0,1	-1,4	6,2	-0,3	-6,6	1,9	
4,46093750	5,3	-149	0,1	-2,5	5,3	-0,1	-6,2	2,0	
4,46484375	5,9	-162	-0,2	-1,2	5,4	-0,1	-5,9	1,8	
4,46875000	7,5	-229	-0,1	-2,9	6,4	-0,1	-5,6	1,7	
4,47265625	8,6	-172	-0,1	-1,5	4,5	-0,1	-6,1	2,0	
4,47656250	8,0	-178	0,0	-2,1	5,5	-0,1	-6,7	2,0	
4,48046875	5,8	-198	-0,2	-0,9	5,3	-0,1	-5,8	2,0	
4,48437500	7,0	-97	-0,4	-1,7	5,4	-0,1	-5,5	1,9	
4,48828125	5,0	-128	-0,3	-1,4	5,0	-0,1	-6,5	1,9	
4,49218750	3,6	-212	-0,4	-1,5	6,1	-0,1	-6,5	1,9	
4,49609375	2,2	-139	-0,0	-1,8	5,7	-0,1	-5,9	2,0	
4,50000000	3,6	-109	0,3	-2,8	4,7	-0,1	-6,4	1,8	
4,50390625	4,0	-144	-0,2	-2,0	5,4	-0,1	-6,6	2,2	
4,50781250	4,7	-168	0,1	-1,1	5,8	-0,1	-6,0	1,9	
4,51171875	3,5	-210	0,1	-1,7	5,5	-0,1	-6,1	1,8	
4,51562500	4,7	-245	0,1	-2,3	5,0	-0,1	-5,5	2,0	
4,51953125	5,6	-142	-0,0	-2,1	5,6	-0,1	-6,1	1,8	
4,52343750	3,5	-148	-0,2	-1,9	6,0	-0,1	-6,4	1,8	
4,52734375	5,0	-194	-0,3	-1,8	6,4	-0,1	-6,6	2,2	
4,53125000	5,1	-240	0,2	-2,6	5,4	-0,1	-6,4	2,0	
4,53515625	6,0	-57	0,2	-2,0	5,7	-0,3	-7,1	1,8	
4,53906250	4,5	-205	-0,1	-2,0	6,0	-0,3	-6,5	1,9	
4,54296875	5,9	-37	-0,0	-1,6	6,1	-0,3	-5,9	1,8	
4,54687500	5,4	-195	0,1	-2,0	4,7	-0,1	-7,0	1,9	
4,55078125	5,1	-105	0,0	-2,7	6,5	-0,1	-6,7	1,7	
4,55468750	5,4	-126	-0,2	-1,9	6,3	-0,1	-6,6	1,5	
4,55859375	3,5	-121	-0,2	-3,0	5,3	-0,1	-6,1	1,9	
4,56250000	4,1	-169	0,1	-1,7	5,1	-0,1	-5,5	2,3	
4,56640625	2,3	-294	-0,0	-0,3	6,3	-0,1	-6,4	1,9	
4,57031250	2,9	-183	-0,2	-2,9	5,2	-0,1	-4,7	1,9	
4,57421875	4,7	-143	-0,0	-2,3	5,6	-0,1	-5,1	2,0	
4,57812500	4,6	-129	-0,1	-1,5	6,2	-0,3	-6,9	1,8	
4,58203125	2,5	-191	0,1	-1,8	5,3	-0,3	-6,4	2,3	
4,58593750	2,8	-168	0,0	-2,0	6,1	-0,3	-7,0	2,1	
4,58984375	4,7	-157	-0,3	-1,3	5,7	-0,3	-5,6	1,6	
4,59375000	2,7	-212	0,0	-2,1	5,1	-0,3	-5,9	2,3	
4,59765625	2,5	-92	0,5	-1,4	5,5	-0,3	-6,0	2,1	
4,60156250	4,0	-143	0,0	-1,9	5,3	-0,3	-6,6	1,8	
4,60546875	3,3	-126	-0,2	-2,7	5,4	-0,3	-6,4	2,0	
4,60937500	4,5	-175	0,0	-2,8	6,2	-0,3	-6,6	2,0	
4,61328125	5,0	-142	-0,3	-3,3	5,7	-0,3	-5,4	1,8	
4,61718750	5,5	-242	0,1	-2,0	5,8	-0,1	-5,9	1,8	
4,62109375	5,1	-114	0,0	-2,0	5,2	-0,1	-6,3	2,2	
4,62500000	2,9	-184	-0,3	-1,8	4,8	-0,1	-6,3	2,0	
4,62890625	3,8	-154	0,2	-2,7	5,4	-0,1	-6,4	1,8	
4,63281250	3,0	-186	-0,1	-2,3	5,1	-0,1	-5,5	1,8	
4,63671875	4,1	-209	-0,1	-1,9	3,8	-0,1	-6,4	2,1	
4,64062500	3,6	-218	-0,3	-2,3	5,2	-0,1	-6,7	2,2	
4,64453125	3,8	-237	-0,3	-1,7	4,9	-0,1	-5,9	2,4	
4,64843750	3,3	-163	-0,5	-2,3	5,0	-0,1	-6,1	1,9	
4,65234375	6,3	-254	-0,4	-2,0	4,9	-0,1	-6,0	2,4	
4,65625000	4,8	-193	-0,3	-2,9	5,6	-0,1	-6,6	1,8	
4,66015625	3,4	-211	-0,0	-2,3	6,4	-0,1	-6,6	2,3	
4,66406250	5,7	-100	-0,0	-2,7	6,3	-0,1	-6,1	1,7	
4,66796875	5,5	-137	-0,2	-2,5	5,8	-0,1	-5,8	2,0	
4,67187500	4,6	-134	-0,2	-1,9	4,6	-0,1	-6,3	2,1	
4,67578125	2,1	-161	-0,1	-1,9	4,9	-0,1	-6,2	2,2	
4,67968750	3,1	-130	0,1	-1,8	6,1	-0,1	-6,8	2,1	
4,68359375	3,4	-131	0,0	-2,0	4,9	-0,1	-6,2	2,1	
4,68750000	4,1	-110	0,1	-1,7	5,2	-0,3	-6,8	2,1	
4,69140625	4,8	-141	0,3	-2,1	5,6	-0,4	-6,9	2,2	
4,69531250	4,0	-218	0,4	-2,3	5,5	-0,4	-6,6	2,1	
4,69921875	4,0	-201	0,3	-2,1	6,2	-0,3	-5,9	1,9	
4,70312500	3,3	-204	0,4	-1,4	5,3	-0,1	-5,8	1,9	
4,70703125	3,5	-124	-0,3	-2,3	5,5	-0,1	-6,3	1,8	
4,71093750	5,0	-153	-0,1	-0,6	6,0	-0,1	-6,0	2,2	
4,71484375	3,5	-203	0,0	-1,5	5,6	-0,3	-6,4	2,0	
4,71875000	4,4	-181	0,3	-2,8	5,4	-0,3	-6,1	2,1	
4,72265625	2,7	-216	0,1	-2,3	5,7	-0,3	-6,4	2,1	
4,72656250	4,1	-154	-0,3	-2,6	5,6	-0,1	-6,4	2,3	
4,73046875	2,7	-151	0,0	-2,0	4,4	-0,1	-6,7	1,8	
4,73437500	3,6	-115	0,1	-1,7	5,5	-0,1	-7,5	1,6	
4,73828125	6,2	-244	-0,2	-1,9	5,0	-0,1	-6,4	2,5	
4,74218750	5,0	-197	0,1	-1,9	6,3	-0,1	-6,2	1,9	
4,74609375	6,2	-177	0,2	-1,4	5,5	-0,1	-5,7	1,6	
4,75000000	6,3	-208	0,1	-2,5	4,9	-0,1	-5,7	1,8	
4,75390625	5,8	-202	0,1	-3,1	5,6	-0,1	-6,5	1,8	
4,75781250	4,1	-228	-0,0	-2,4	5,8	-0,1	-7,3	2,0	
4,76171875	3,8	-106	-0,1	-1,3	5,8	-0,1	-5,4	1,8	
4,76562500	3,7	-200	-0,0	-2,8	5,1	-0,1	-6,0	2,1	
4,76953125	4,9	-209	0,0	-2,0	4,8	-0,3	-5,9	2,3	
4,77343750	5,2	-203	-0,1	-2,8	5,5	-0,3	-6,8	2,0	
4,77734375	6,0	-265	0,2	-2,6	5,9	-0,3	-6,9	1,8	
4,78125000	5,7	-116	-0,3	-1,9	5,8	-0,1	-6,4	2,3	
4,78515625	5,4	-214	-0,1	-2,7	5,9	-0,1	-6,3	2,1	
4,78906250	4,0	-36	-0,5	-2,5	6,1	-0,1	-6,3	2,0	
4,79296875	5,0	-129	0,1	-1,1	5,7	-0,1	-5,8	1,9	
4,79687500	3,6	-126	-0,2	-2,4	4,5	-0,1	-6,3	1,6	
4,80078125	5,0	-185	0,3	-2,0	5,9	-0,1	-6,7	2,1	
4,80468750	3,8	-123	-0,1	-2,4	6,1	-0,1	-6,3	1,7	
4,80859375	2,8	-129	-0,2	-2,2	6,1	-0,1	-6,1	1,9	
4,81250000	4,2	-237	0,3	-2,2	5,0	-0,1	-6,4	1,9	
4,81640625	4,8	-203	0,1	-2,0	6,0	-0,1	-6,1	2,0	
4,82031250	4,2	-143	0,0	-2,5	5,7	-0,1	-6,0	2,0	
4,82421875	5,0	-173	-0,4	-2,7	5,2	-0,1	-6,3	1,8	
4,82812500	4,1	-180	0,3	-1,8	6,5	-0,1	-6,3	2,2	
4,83203125	5,5	-97	-0,3	-1,6	5,7	-0,1	-6,9	1,6	
4,83593750	6,8	-219	-0,0	-1,7	4,7	-0,1	-6,9	2,2	
4,83984375	4,0	-205	0,3	-2,8	6,2	-0,1	-6,6	1,8	
4,84375000	3,5	-170	0,0	-1,7	4,9	-0,1	-6,4	1,7	
4,84765625	2,7	-216	-0,1	-2,7	5,1	-0,1	-7,1	1,9	
4,85156250	5,7	-220	-0,1	-1,9	5,5	-0,1	-6,4	2,2	
4,85546875	2,4	-206	0,2	-2,0	4,5	-0,1	-7,0	2,0	
4,85937500	2,8	-189	-0,1	-2,3	5,8	-0,1	-6,9	1,9	
4,86328125	3,9	-182	-0,1	-2,3	4,5	-0,1	-5,0	2,3	
4,86718750	6,3	-166	0,1	-3,0	5,0	-0,1	-6,2	1,6	
4,87109375	6,6	-229	-0,3	-2,1	4,8	-0,1	-6,1	2,0	
4,87500000	4,8	-231	-0,5	-2,6	5,6	-0,1	-7,1	1,7	
4,87890625	3,6	-223	-0,2	-1,5	5,1	-0,1	-6,1	2,2	
4,88281250	2,8	-149	-0,1	-1,6	5,5	-0,1	-6,8	1,8	
4,88671875	4,9	-130	-0,2	-2,9	5,1	-0,1	-6,7	1,8	
4,89062500	4,6	-179	0,1	-2,0	5,6	-0,1	-6,7	2,1	
4,89453125	3,7	-86	-0,3	-0,7	4,4	-0,1	-6,8	2,1	
4,89843750	5,3	-214	0,2	-2,0	4,6	-0,1	-6,8	2,4	
4,90234375	4,1	-72	0,1	-1,8	5,8	-0,1	-6,5	1,9	
4,90625000	5,0	-167	0,1	-2,5	4,9	-0,1	-6,2	1,8	
4,91015625	3,8	-157	-0,4	-2,0	5,7	-0,1	-6,2	1,8	
4,91406250	4,1	-107	-0,3	-1,7	6,1	-0,1	-6,3	2,1	
4,91796875	4,2	-173	-0,4	-1,6	5,6	-0,3	-6,4	1,7	
4,92187500	5,5	-132	-0,1	-2,2	5,5	-0,4	-5,8	1,8	
4,92578125	5,0	-99	0,3	-1,7	5,7	-0,4	-6,2	2,0	
4,92968750	3,0	-177	0,3	-1,7	5,5	-0,3	-7,0	1,9	
4,93359375	4,5	-136	-0,1	-2,1	6,2	-0,3	-7,3	1,7	
4,93750000	4,1	-161	0,2	-1,4	5,6	-0,4	-6,2	1,9	
4,94140625	3,6	-169	-0,3	-1,6	5,6	-0,4	-6,4	2,1	
4,94531250	2,6	-159	0,1	-1,6	5,6	-0,3	-5,9	2,1	
4,94921875	4,8	-129	0,0	-2,8	5,8	-0,3	-7,1	2,0	
4,95312500	2,3	-152	0,3	-2,3	6,0	-0,3	-6,4	2,0	
4,95703125	4,8	-175	0,1	-2,6	6,1	-0,3	-6,1	1,3	
4,96093750	3,4	-240	-0,1	-2,5	5,8	-0,1	-6,5	1,8	
4,96484375	4,5	-91	-0,6	-1,9	5,6	-0,1	-5,8	2,0	
4,96875000	4,2	-94	-0,3	-1,6	5,8	-0,1	-6,2	1,9	
4,97265625	4,4	-191	0,1	-2,4	4,6	-0,1	-5,7	1,9	
4,97656250	5,1	-114	0,2	-1,6	5,8	-0,1	-5,3	1,6	
4,98046875	2,8	-260	0,3	-1,3	5,8	-0,1	-5,9	1,9	
4,98437500	4,0	-174	0,2	-2,2	4,9	-0,1	-6,0	2,0	
4,98828125	2,2	-165	-0,2	-2,3	5,2	-0,1	-6,9	1,7	
4,99218750	4,2	-175	-0,2	-1,1	5,3	-0,1	-5,4	1,8	
4,99609375	4,2	-99	0,1	-2,4	6,3	-0,1	-6,5	2,2	
5,00000000	4,0	-179	0,1	-3,1	4,7	-0,1	-6,3	1,8	
5,00390625	4,0	-201	0,2	-2,1	5,8	-0,1	-6,0	2,0	
5,00781250	4,2	-77	0,2	-2,4	5,8	-0,1	-6,7	2,0	
5,01171875	3,3	-102	-0,1	-2,2	4,7	-0,1	-6,2	1,8	
5,01562500	4,7	-92	0,1	-2,6	5,7	-0,1	-5,5	1,9	
5,01953125	3,6	-166	-0,0	-2,3	6,0	-0,1	-7,1	2,3	
5,02343750	3,6	-189	0,1	-2,2	5,3	-0,1	-6,8	2,2	
5,02734375	4,9	-152	0,1	-1,6	5,8	-0,1	-5,9	1,8	
5,03125000	3,7	-136	-0,0	-2,1	6,7	-0,1	-6,3	1,8	
5,03515625	4,6	-152	-0,2	-1,9	5,9	-0,1	-5,6	2,1	
5,03906250	4,3	-172	0,3	-2,6	5,7	-0,1	-6,8	1,9	
5,04296875	3,2	-294	0,0	-2,3	5,5	-0,1	-6,3	2,0	
5,04687500	3,7	-118	0,0	-2,5	6,5	-0,1	-5,6	2,1	
5,05078125	4,4	-81	-0,1	-1,4	4,9	-0,1	-6,2	2,4	
5,05468750	5,2	-229	0,2	-3,3	6,0	-0,1	-6,2	2,0	
5,05859375	2,5	-142	0,2	-2,4	4,9	-0,1	-6,5	1,8	
5,06250000	3,8	-115	0,1	-1,8	6,2	-0,1	-6,1	1,5	
5,06640625	4,5	-179	0,1	-2,4	4,6	-0,1	-6,4	2,2	
5,07031250	2,2	-108	0,0	-1,9	6,2	-0,1	-6,4	1,8	
5,07421875	3,5	-248	0,2	-1,7	5,8	-0,1	-5,4	1,8	
5,07812500	4,5	-231	-0,0	-1,6	6,2	-0,1	-5,7	1,8	
5,08203125	4,3	-194	-0,3	-2,3	6,0	-0,1	-6,4	2,2	
5,08593750	3,9	-168	0,1	-1,0	5,4	-0,1	-5,3	1,9	
5,08984375	5,3	-107	0,1	-1,4	5,5	-0,1	-6,9	1,7	
5,09375000	3,3	-282	0,1	-1,9	5,6	-0,3	-6,4	1,7	
5,09765625	3,0	-166	-0,3	-2,6	5,6	-0,3	-6,9	2,3	
5,10156250	4,2	-175	-0,1	-1,4	5,2	-0,3	-5,6	1,7	
5,10546875	4,7	-244	-0,0	-2,1	6,0	-0,1	-6,3	2,2	
5,10937500	4,6	-212	0,1	-1,2	5,3	-0,1	-6,0	2,0	
5,11328125	4,2	-205	-0,0	-2,6	5,6	-0,1	-6,0	1,7	
5,11718750	3,1	-204	0,1	-2,6	5,3	-0,1	-6,4	1,9	
5,12109375	3,6	-200	-0,2	-2,4	6,0	-0,1	-7,3	2,0	
5,12500000	4,1	-239	-0,1	-2,6	5,6	-0,1	-5,8	1,7	
5,12890625	1,9	-158	0,3	-2,2	6,4	-0,1	-6,5	1,6	
5,13281250	6,0	-173	0,2	-2,3	5,4	-0,1	-5,2	1,9	
5,13671875	5,1	-197	0,2	-2,0	6,1	-0,1	-5,7	2,3	
5,14062500	5,8	-67	0,3	-2,3	5,1	-0,1	-6,2	1,7	
5,14453125	6,2	-221	0,0	-2,9	4,7	-0,1	-5,6	2,0	
5,14843750	3,2	-127	0,0	-3,2	5,3	-0,1	-7,2	1,9	
5,15234375	4,0	-176	0,0	-2,6	5,5	-0,3	-6,1	1,9	
5,15625000	2,2	-114	-0,2	-2,1	5,9	-0,3	-6,2	2,0	
5,16015625	1,4	-185	-0,0	-1,5	5,0	-0,3	-5,7	1,8	
5,16406250	4,1	-223	0,1	-1,0	6,5	-0,1	-5,9	1,9	
5,16796875	3,9	-169	-0,0	-2,7	5,7	-0,1	-5,5	2,0	
5,17187500	5,3	-195	-0,1	-2,8	5,4	-0,1	-5,4	2,2	
5,17578125	4,3	-194	0,1	-2,2	5,2	-0,1	-6,8	2,0	
5,17968750	1,7	-248	0,0	-1,9	5,8	-0,1	-6,1	1,9	
5,18359375	4,1	-133	-0,0	-2,5	5,8	-0,1	-6,9	2,3	
5,18750000	2,7	-195	-0,3	-1,9	5,6	-0,1	-5,7	2,0	
5,19140625	3,4	-207	0,2	-2,7	5,6	-0,1	-6,7	1,6	
5,19531250	2,4	-166	-0,3	-1,7	5,5	-0,1	-6,4	1,6	
5,19921875	4,2	-168	-0,5	-1,5	6,6	-0,1	-6,4	2,2	
5,20312500	2,6	-179	-0,2	-1,7	5,6	-0,1	-6,3	2,0	
5,20703125	5,0	-176	0,1	-1,8	5,4	-0,1	-6,5	1,8	
5,21093750	3,1	-124	0,3	-2,0	5,7	-0,1	-5,8	1,8	
5,21484375	3,2	-237	-0,4	-2,1	5,2	-0,1	-5,5	1,7	
5,21875000	2,8	-247	0,0	-2,2	5,3	-0,1	-6,9	1,9	
5,22265625	2,6	-174	0,3	-2,4	5,4	-0,1	-5,7	2,1	
5,22656250	2,6	-218	0,4	-2,6	5,9	-0,1	-6,7	1,8	
5,23046875	2,9	-171	-0,2	-2,1	5,7	-0,1	-5,8	1,6	
5,23437500	4,2	-177	0,0	-1,2	5,3	-0,1	-6,0	1,7	
5,23828125	4,9	-142	-0,4	-2,3	5,0	-0,1	-6,3	1,9	
5,24218750	6,2	-109	0,1	-4,1	5,0	-0,1	-6,6	1,9	
5,24609375	4,3	-150	-0,2	-2,7	5,8	-0,1	-6,4	2,1	
5,25000000	4,5	-176	-0,2	-2,0	5,4	-0,1	-5,9	1,4	
5,25390625	4,6	-185	0,1	-2,8	5,2	-0,1	-6,3	2,3	
5,25781250	4,3	-218	-0,0	-0,5	6,0	-0,1	-7,0	2,0	
5,26171875	5,9	-140	-0,2	-1,8	6,6	-0,1	-6,0	2,1	
5,26562500	3,9	-162	-0,1	-2,2	5,4	-0,1	-6,2	2,0	
5,26953125	5,9	-195	-0,1	-1,6	5,8	-0,1	-6,5	1,8	
5,27343750	2,8	-187	0,1	-2,8	5,2	-0,1	-6,9	1,8	
5,27734375	4,6	-172	0,0	-2,1	5,8	-0,1	-6,1	2,0	
5,28125000	4,4	-184	-0,1	-1,8	4,9	-0,1	-6,5	1,9	
5,28515625	3,9	-161	-0,2	-2,2	4,8	-0,1	-6,3	1,9	
5,28906250	3,9	-135	0,0	-2,0	5,4	-0,1	-6,8	1,9	
5,29296875	6,2	-178	0,4	-1,1	6,3	-0,1	-6,3	1,4	
5,29687500	6,0	-250	-0,1	-1,5	5,5	-0,3	-6,5	1,9	
5,30078125	4,9	-161	0,2	-1,9	5,3	-0,3	-6,1	1,7	
5,30468750	3,0	-145	0,0	-2,1	5,2	-0,3	-6,6	1,8	
5,30859375	6,6	-191	-0,2	-1,2	5,4	-0,1	-6,5	2,1	
5,31250000	3,4	-171	0,1	-1,6	5,4	-0,1	-5,6	1,7	
5,31640625	4,7	-180	0,1	-2,0	5,4	-0,1	-6,6	1,8	
5,32031250	3,8	-234	0,1	-1,4	4,5	-0,3	-6,4	2,2	
5,32421875	3,8	-159	-0,2	-2,4	5,3	-0,3	-6,3	1,8	
5,32812500	3,6	-105	-0,1	-2,0	5,0	-0,3	-6,2	1,7	
5,33203125	1,8	-188	-0,2	-1,3	5,1	-0,1	-6,2	2,2	
5,33593750	2,3	-172	-0,2	-1,9	5,4	-0,1	-5,6	2,1	
5,33984375	3,8	-134	0,0	-1,8	5,3	-0,1	-6,2	1,6	
5,34375000	3,4	-139	0,4	-1,8	5,8	-0,1	-6,3	1,9	
5,34765625	4,1	-198	0,1	-1,6	5,9	-0,1	-6,1	2,0	
5,35156250	3,4	-209	0,0	-3,1	5,2	-0,1	-5,1	2,2	
5,35546875	2,6	-159	-0,2	-1,9	5,6	-0,1	-5,8	2,0	
5,35937500	2,4	-150	-0,0	-2,7	4,9	-0,1	-6,5	1,9	
5,36328125	5,2	-135	-0,1	-2,3	5,9	-0,1	-6,6	2,2	
5,36718750	5,6	-164	0,2	-2,5	5,4	-0,1	-6,3	2,0	
5,37109375	4,3	-179	0,2	-1,9	4,7	-0,1	-6,0	1,6	
5,37500000	3,9	-135	-0,0	-1,8	5,2	-0,1	-5,6	1,8	
5,37890625	4,6	-224	0,1	-1,6	5,4	-0,1	-5,2	2,5	
5,38281250	4,4	-191	-0,1	-2,9	6,4	-0,1	-6,2	1,4	
5,38671875	3,5	-200	-0,1	-2,0	5,8	-0,1	-6,1	1,8	
5,39062500	3,3	-172	-0,2	-1,3	5,4	-0,1	-6,6	2,0	
5,39453125	3,9	-187	-0,3	-1,2	5,9	-0,1	-6,4	2,0	
5,39843750	3,6	-196	0,2	-2,9	5,3	-0,1	-5,5	2,1	
5,40234375	3,4	-149	-0,2	-1,8	5,5	-0,1	-6,1	2,0	
5,40625000	2,2	-161	-0,1	-1,8	5,9	-0,1	-6,1	2,1	
5,41015625	4,3	-231	0,0	-2,2	5,9	-0,1	-6,0	1,5	
5,41406250	5,3	-191	0,2	-1,4	5,4	-0,1	-6,6	2,1	
5,41796875	4,6	-202	-0,2	-2,3	6,1	-0,1	-6,7	2,1	
5,42187500	6,0	-169	-0,3	-2,6	5,7	-0,1	-6,6	1,7	
5,42578125	5,2	-220	-0,2	-1,6	5,6	-0,1	-6,4	2,2	
5,42968750	6,0	-80	-0,0	-2,7	6,1	-0,1	-6,4	2,2	
5,43359375	5,7	-179	0,1	-3,0	5,2	-0,1	-6,2	1,9	
5,43750000	5,7	-279	-0,1	-2,5	5,5	-0,1	-6,4	1,8	
5,44140625	2,8	-175	-0,1	-2,4	5,5	-0,1	-6,4	2,0	
5,44531250	2,3	-155	-0,2	-2,8	5,6	-0,1	-6,2	2,0	
5,44921875	2,4	-155	-0,0	-2,0	5,4	-0,1	-6,3	2,0	
5,45312500	4,9	-112	-0,5	-2,8	5,0	-0,1	-6,2	2,2	
5,45703125	3,0	-110	0,0	-2,0	5,1	-0,1	-5,8	1,7	
5,46093750	3,7	-232	-0,0	-2,2	5,2	-0,1	-6,1	1,6	
5,46484375	3,3	-179	0,2	-2,6	5,1	-0,3	-5,7	2,0	
5,46875000	4,6	-185	0,1	-2,4	5,5	-0,3	-6,2	2,5	
5,47265625	3,2	-261	-0,1	-2,1	5,2	-0,3	-6,6	1,8	
5,47656250	1,8	-176	-0,3	-1,3	5,3	-0,1	-6,0	2,1	
5,48046875	3,6	-142	-0,2	-1,8	5,3	-0,1	-6,2	1,7	
5,48437500	2,2	-172	-0,1	-1,4	4,8	-0,1	-6,1	2,1	
5,48828125	5,2	-133	-0,2	-2,7	5,7	-0,1	-5,7	2,2	
5,49218750	3,9	-215	-0,2	-2,7	5,9	-0,3	-6,5	2,1	
5,49609375	4,5	-216	0,0	-2,9	5,8	-0,3	-6,7	2,2	
5,50000000	2,8	-180	-0,0	-1,5	6,1	-0,3	-6,7	1,7	
5,50390625	4,9	-172	-0,1	-2,3	5,3	-0,1	-5,8	1,7	
5,50781250	3,7	-255	0,3	-1,8	6,6	-0,1	-5,8	2,0	
5,51171875	4,3	-217	-0,1	-2,1	5,7	-0,1	-5,8	1,7	
5,51562500	5,6	-219	0,3	-2,6	5,2	-0,1	-6,3	2,2	
5,51953125	4,9	-118	-0,3	-1,5	6,7	-0,1	-6,0	1,6	
5,52343750	4,1	-160	-0,4	-1,8	6,1	-0,1	-6,4	1,7	
5,52734375	5,8	-94	0,2	-1,2	4,8	-0,1	-6,7	2,3	
5,53125000	4,9	-200	-0,1	-2,3	5,8	-0,1	-6,2	1,9	
5,53515625	3,3	-161	-0,4	-1,3	5,3	-0,1	-6,4	1,8	
5,53906250	4,4	-183	-0,0	-2,0	6,2	-0,1	-6,8	1,6	
5,54296875	5,2	-164	0,2	-2,5	6,1	-0,1	-6,8	2,2	
5,54687500	6,1	-213	0,0	-2,2	5,3	-0,1	-5,9	1,6	
5,55078125	5,7	-195	0,4	-2,2	5,5	-0,1	-7,0	1,9	
5,55468750	6,1	-199	-0,1	-1,7	5,5	-0,1	-6,0	2,1	
5,55859375	4,3	-100	0,1	-2,4	5,6	-0,1	-6,7	1,9	
5,56250000	3,2	-288	-0,0	-1,8	6,2	-0,1	-6,2	1,8	
5,56640625	3,4	-148	-0,3	-1,9	5,0	-0,3	-6,6	2,1	
5,57031250	2,6	-167	-0,2	-2,2	4,5	-0,3	-6,6	2,4	
5,57421875	3,4	-143	-0,0	-2,0	4,9	-0,3	-6,8	2,1	
5,57812500	4,2	-199	-0,0	-2,3	5,5	-0,1	-6,3	1,8	
5,58203125	3,7	-209	-0,4	-1,8	6,2	-0,1	-5,2	2,2	
5,58593750	3,4	-252	0,2	-1,5	5,7	-0,1	-6,4	1,8	
5,58984375	6,0	-173	-0,1	-2,1	5,4	-0,1	-6,3	2,0	
5,59375000	7,1	-211	0,2	-1,9	5,9	-0,1	-5,8	2,1	
5,59765625	6,4	-181	-0,1	-2,3	4,7	-0,1	-6,4	1,8	
5,60156250	7,9	-81	0,2	-2,1	5,4	-0,1	-6,5	1,8	
5,60546875	7,2	-203	0,1	-1,8	5,9	-0,1	-6,3	2,0	
5,60937500	5,0	-148	0,0	-1,6	4,8	-0,1	-7,0	1,8	
5,61328125	5,8	-161	0,1	-1,2	4,7	-0,1	-6,1	2,3	
5,61718750	4,4	-165	0,3	-1,5	5,9	-0,1	-6,6	2,1	
5,62109375	3,1	-101	0,1	-2,2	5,6	-0,1	-5,7	1,9	
5,62500000	4,3	-178	-0,4	-2,0	4,5	-0,1	-6,4	2,1	
5,62890625	2,7	-153	-0,1	-2,0	6,0	-0,1	-6,5	1,7	
5,63281250	1,1	-135	-0,3	-2,5	4,9	-0,1	-5,7	1,8	
5,63671875	3,7	-162	0,1	-1,9	5,4	-0,3	-6,6	2,0	
5,64062500	4,0	-193	-0,3	-2,4	5,7	-0,3	-7,0	1,7	
5,64453125	4,1	-168	-0,1	-2,7	6,0	-0,3	-5,7	2,1	
5,64843750	4,4	-84	0,1	-2,2	5,8	-0,1	-6,0	1,9	
5,65234375	5,7	-194	-0,0	-2,2	5,7	-0,1	-6,3	1,7	
5,65625000	4,6	-200	-0,2	-1,6	5,7	-0,1	-6,3	2,0	
5,66015625	3,7	-237	-0,1	-1,8	5,5	-0,1	-6,6	2,2	
5,66406250	3,7	-40	0,2	-2,6	5,6	-0,1	-5,5	1,8	
5,66796875	3,9	-178	-0,4	-2,1	6,2	-0,1	-5,2	2,0	
5,67187500	3,4	-160	0,5	-2,8	5,6	-0,1	-5,7	2,0	
5,67578125	4,5	-211	0,0	-1,5	5,5	-0,3	-6,1	1,8	
5,67968750	3,3	-237	0,2	-2,0	5,0	-0,3	-6,2	1,7	
5,68359375	3,7	-135	0,1	-1,9	5,3	-0,3	-6,2	2,2	
5,68750000	4,1	-170	-0,3	-2,5	5,6	-0,1	-6,0	2,0	
5,69140625	3,9	-109	0,3	-3,1	5,2	-0,1	-6,5	1,8	
5,69531250	5,7	-166	-0,6	-1,8	5,2	-0,1	-6,0	2,0	
5,69921875	4,2	-186	-0,2	-1,8	6,5	-0,1	-6,8	1,8	
5,70312500	3,2	-207	0,1	-1,9	4,8	-0,1	-5,2	1,6	
5,70703125	4,9	-166	-0,4	-1,9	4,6	-0,1	-5,9	1,7	
5,71093750	3,5	-215	-0,2	-1,6	5,7	-0,1	-6,1	1,5	
5,71484375	4,1	-206	-0,2	-1,5	5,8	-0,3	-6,1	2,0	
5,71875000	5,0	-164	-0,3	-2,0	5,2	-0,3	-6,7	2,2	
5,72265625	5,4	-173	-0,1	-1,9	4,7	-0,3	-7,0	1,9	
5,72656250	4,5	-199	-0,1	-2,0	6,0	-0,1	-6,9	2,0	
5,73046875	4,4	-215	0,0	-2,1	5,7	-0,3	-7,9	1,8	
5,73437500	3,6	-181	0,2	-2,1	5,5	-0,3	-6,6	2,0	
5,73828125	5,4	-129	0,2	-1,1	5,6	-0,3	-6,4	2,0	
5,74218750	4,0	-103	0,4	-1,1	5,6	-0,1	-6,1	1,8	
5,74609375	3,7	-181	-0,0	-2,1	4,7	-0,1	-6,2	2,1	
5,75000000	3,5	-175	-0,4	-2,1	6,2	-0,1	-4,9	1,8	
5,75390625	3,3	-142	0,3	-2,8	5,8	-0,1	-6,7	2,0	
5,75781250	3,2	-189	-0,1	-2,4	5,5	-0,1	-5,6	1,9	
5,76171875	3,6	-179	0,4	-1,4	4,9	-0,1	-5,5	1,4	
5,76562500	5,1	-115	-0,1	-2,5	5,2	-0,1	-6,8	1,7	
5,76953125	4,2	-130	0,1	-1,9	5,6	-0,1	-5,5	2,1	
5,77343750	3,1	-95	-0,3	-1,7	5,5	-0,1	-6,2	1,8	
5,77734375	3,4	-104	0,1	-1,9	5,3	-0,1	-6,8	2,0	
5,78125000	2,6	-209	0,1	-2,8	5,2	-0,1	-6,2	1,8	
5,78515625	4,9	-202	0,2	-2,6	5,3	-0,1	-6,2	2,0	
5,78906250	4,6	-180	0,1	-2,0	6,3	-0,1	-5,9	1,7	
5,79296875	3,2	-254	-0,4	-1,5	5,1	-0,1	-6,2	1,8	
5,79687500	3,7	-133	-0,1	-1,3	4,9	-0,1	-5,9	1,6	
5,80078125	2,4	-258	0,1	-2,1	5,6	-0,1	-6,2	2,0	
5,80468750	2,8	-165	-0,2	-2,8	4,6	-0,1	-6,1	1,9	
5,80859375	3,3	-249	-0,1	-2,5	5,1	-0,1	-6,3	1,9	
5,81250000	3,0	-80	0,4	-1,3	5,0	-0,1	-7,3	2,2	
5,81640625	2,6	-128	-0,0	-2,4	6,7	-0,1	-6,6	1,7	
5,82031250	4,6	-70	0,2	-1,4	5,9	-0,1	-5,4	1,7	
5,82421875	4,0	-190	-0,1	-0,9	5,3	-0,1	-6,2	2,4	
5,82812500	3,2	-183	-0,4	-1,6	5,9	-0,1	-6,2	1,8	
5,83203125	2,5	-245	0,1	-2,3	5,8	-0,1	-6,2	1,8	
5,83593750	3,8	-222	0,2	-1,7	4,7	-0,1	-5,9	2,2	
5,83984375	3,9	-147	0,4	-2,2	6,7	-0,1	-6,3	2,1	
5,84375000	4,4	-177	-0,1	-2,2	5,4	-0,1	-6,2	1,8	
5,84765625	4,7	-188	-0,5	-1,6	5,8	-0,1	-5,9	2,1	
5,85156250	4,7	-154	-0,1	-2,5	5,0	-0,1	-6,0	2,1	
5,85546875	5,4	-217	0,2	-2,8	5,1	-0,1	-6,0	2,0	
5,85937500	3,1	-140	0,1	-2,5	5,8	-0,1	-5,9	2,4	
5,86328125	4,8	-229	0,0	-2,9	5,1	-0,1	-6,0	1,7	
5,86718750	5,2	-257	-0,0	-1,5	5,0	-0,1	-5,9	1,8	
5,87109375	5,7	-155	-0,4	-1,9	5,1	-0,1	-6,2	1,8	
5,87500000	4,1	-154	-0,1	-2,4	5,0	-0,1	-5,1	1,7	
5,87890625	4,4	-194	0,1	-1,9	5,3	-0,1	-5,9	1,6	
5,88281250	4,7	-196	-0,1	-2,3	6,1	-0,3	-6,0	2,0	
5,88671875	1,6	-221	-0,2	-2,0	5,7	-0,3	-6,2	1,9	
5,89062500	0,9	-132	-0,0	-2,7	5,3	-0,3	-6,1	1,9	
5,89453125	4,6	-107	-0,1	-1,9	6,7	-0,1	-6,3	1,7	
5,89843750	4,5	-205	0,5	-1,8	4,9	-0,1	-6,4	1,7	
5,90234375	4,2	-120	-0,1	-1,3	6,1	-0,1	-5,9	1,8	
5,90625000	3,9	-175	-0,1	-2,6	5,4	-0,1	-6,5	1,9	
5,91015625	4,3	-242	-0,1	-2,4	5,2	-0,1	-6,2	1,7	
5,91406250	4,4	-195	0,0	-2,5	5,5	-0,1	-5,6	2,5	
5,91796875	3,3	-98	-0,2	-1,4	4,6	-0,1	-5,9	2,3	
5,92187500	4,2	-160	-0,1	-2,7	5,9	-0,1	-5,9	2,0	
5,92578125	4,9	-102	-0,2	-2,4	5,9	-0,1	-6,7	1,6	
5,92968750	5,8	-206	-0,1	-1,9	5,0	-0,1	-6,4	2,0	
5,93359375	4,5	-175	-0,2	-2,9	5,0	-0,1	-5,8	1,7	
5,93750000	4,0	-196	-0,1	-1,7	5,1	-0,1	-6,6	1,8	
5,94140625	2,8	-258	-0,2	-1,8	6,0	-0,1	-4,7	2,0	
5,94531250	4,6	-113	-0,0	-2,4	5,2	-0,1	-6,6	2,2	
5,94921875	3,0	-169	-0,0	-2,5	5,2	-0,1	-6,8	2,0	
5,95312500	5,9	-176	-0,4	-1,4	5,3	-0,1	-6,6	2,1	
5,95703125	5,4	-164	0,3	-2,6	5,6	-0,1	-7,1	1,8	
5,96093750	4,1	-177	0,0	-1,5	6,0	-0,1	-7,0	1,6	
5,96484375	2,9	-157	0,2	-2,1	5,5	-0,3	-5,9	1,9	
5,96875000	4,3	-213	-0,1	-2,4	4,7	-0,3	-7,3	2,3	
5,97265625	1,9	-170	-0,2	-2,4	5,0	-0,3	-6,4	2,0	
5,97656250	1,2	-77	0,4	-1,9	5,3	-0,1	-5,8	2,0	
5,98046875	3,3	-209	-0,0	-1,9	5,7	-0,3	-6,7	1,8	
5,98437500	2,7	-226	-0,4	-1,8	4,5	-0,3	-6,0	1,7	
5,98828125	3,2	-180	-0,3	-1,5	5,5	-0,3	-6,7	1,9	
5,99218750	4,6	-107	-0,1	-2,5	5,3	-0,3	-6,7	1,8	
5,99609375	4,4	-261	0,1	-1,9	5,5	-0,3	-6,2	1,8	
6,00000000	4,1	-138	0,1	-1,8	5,3	-0,1	-5,8	2,1	
6,00390625	5,2	-199	-0,3	-1,8	5,4	-0,1	-6,4	1,6	
6,00781250	4,8	-122	0,4	-1,5	5,4	-0,1	-5,8	1,7	
6,01171875	4,2	-178	-0,0	-1,0	5,6	-0,1	-5,8	1,9	
6,01562500	3,7	-135	0,2	-2,8	5,7	-0,1	-4,5	2,0	
6,01953125	3,9	-214	-0,1	-2,1	5,6	-0,1	-6,3	1,8	
6,02343750	3,4	-188	-0,1	-1,9	5,1	-0,1	-6,0	2,0	
6,02734375	4,7	-193	-0,1	-2,4	4,8	-0,1	-5,6	1,9	
6,03125000	4,6	-140	-0,3	-2,4	5,6	-0,1	-6,7	1,9	
6,03515625	5,0	2	-0,1	-1,6	5,8	-0,1	-5,6	1,6	
6,03906250	2,7	-173	-0,4	-2,7	5,1	-0,1	-6,7	1,6	
6,04296875	2,0	-116	-0,4	-2,6	5,0	-0,1	-6,1	2,0	
6,04687500	2,6	-105	-0,0	-2,1	5,9	-0,1	-6,7	2,1	
6,05078125	3,2	-219	0,2	-1,7	5,8	-0,1	-5,8	1,4	
6,05468750	4,7	-253	0,4	-2,1	4,8	-0,1	-5,6	1,7	
6,05859375	4,0	-115	0,2	-1,8	5,8	-0,1	-5,9	2,2	
6,06250000	3,3	-128	-0,3	-2,0	5,2	-0,1	-6,6	2,1	
6,06640625	3,7	-187	-0,3	-1,8	4,8	-0,1	-6,5	2,1	
6,07031250	5,8	-182	-0,1	-2,4	4,8	-0,1	-6,1	1,8	
6,07421875	5,2	-180	0,1	-2,2	5,1	-0,1	-6,3	1,9	
6,07812500	4,3	-167	0,3	-2,6	5,6	-0,1	-4,9	2,2	
6,08203125	5,3	-179	-0,1	-2,0	5,4	-0,1	-6,2	1,8	
6,08593750	4,5	-148	-0,1	-3,4	5,9	-0,1	-6,3	1,6	
6,08984375	4,4	-122	-0,4	-1,7	5,9	-0,1	-5,7	1,7	
6,09375000	4,3	-221	-0,4	-2,7	4,5	-0,1	-6,4	2,3	
6,09765625	3,6	-178	0,2	-2,7	5,4	-0,1	-6,2	2,2	
6,10156250	2,0	-168	0,2	-2,9	5,1	-0,1	-5,7	1,9	
6,10546875	5,8	-194	-0,3	-1,7	5,4	-0,1	-6,1	1,8	
6,10937500	6,2	-100	-0,0	-2,0	6,1	-0,1	-5,7	1,9	
6,11328125	6,2	-133	-0,2	-0,2	5,7	-0,1	-6,1	1,9	
6,11718750	5,8	-143	0,0	-1,2	5,7	-0,1	-5,8	1,8	
6,12109375	5,5	-220	-0,2	-2,5	4,6	-0,1	-6,7	2,1	
6,12500000	4,1	-232	0,3	-1,2	5,6	-0,1	-6,5	2,2	
6,12890625	4,0	-158	-0,1	-2,6	5,4	-0,1	-6,1	1,8	
6,13281250	5,3	-159	0,1	-1,7	5,8	-0,1	-5,9	1,6	
6,13671875	3,1	-168	-0,1	-2,6	5,3	-0,1	-6,1	1,9	
6,14062500	5,4	-172	0,1	-1,2	5,4	-0,1	-5,5	2,3	
6,14453125	2,7	-177	-0,1	-1,4	5,4	-0,1	-6,5	2,3	
6,14843750	4,6	-158	-0,2	-1,6	6,2	-0,1	-6,3	1,9	
6,15234375	4,2	-188	0,0	-2,8	6,0	-0,1	-5,6	1,4	
6,15625000	5,2	-178	-0,4	-1,1	5,0	-0,1	-6,6	1,9	
6,16015625	5,1	-230	-0,2	-2,8	5,6	-0,1	-6,0	1,8	
6,16406250	4,7	-125	0,2	-1,5	5,1	-0,1	-5,4	1,7	
6,16796875	6,6	-82	-0,1	-1,9	5,1	-0,1	-6,6	2,3	
6,17187500	6,9	-164	0,2	-2,0	6,1	-0,1	-6,6	1,7	
6,17578125	3,8	-213	-0,0	-2,2	5,1	-0,1	-7,2	2,2	
6,17968750	5,4	-169	0,2	-2,0	5,6	-0,1	-6,9	1,8	
6,18359375	4,3	-158	0,0	-2,1	5,7	-0,1	-6,1	1,9	
6,18750000	3,2	-111	0,1	-1,9	4,9	-0,1	-7,2	2,1	
6,19140625	4,7	-166	-0,1	-2,5	6,1	-0,1	-6,3	1,9	
6,19531250	3,2	-285	0,0	-1,8	5,5	-0,1	-6,3	2,0	
6,19921875	3,8	-194	-0,0	-2,6	6,7	-0,3	-5,9	1,8	
6,20312500	2,9	-177	0,2	-2,1	5,0	-0,3	-6,8	2,1	
6,20703125	2,5	-169	0,0	-1,7	5,3	-0,3	-6,1	1,8	
6,21093750	4,7	-232	0,1	-1,9	5,7	-0,1	-5,6	1,7	
6,21484375	4,1	-266	0,0	-1,9	5,5	-0,1	-5,6	1,9	
6,21875000	5,9	-182	0,4	-2,6	5,3	-0,1	-5,0	2,1	
6,22265625	6,3	-121	-0,5	-2,0	6,3	-0,3	-6,5	1,8	
6,22656250	4,2	-168	-0,5	-2,1	5,7	-0,4	-6,3	1,8	
6,23046875	6,8	-163	-0,1	-1,7	6,3	-0,4	-6,4	1,7	
6,23437500	6,9	-136	-0,3	-1,8	5,9	-0,3	-6,3	1,9	
6,23828125	5,5	-112	-0,2	-2,3	5,4	-0,1	-5,8	2,3	
6,24218750	5,3	-141	0,1	-1,9	4,7	-0,1	-6,6	2,1	
6,24609375	5,7	-180	0,6	-1,8	6,9	-0,1	-6,4	2,3	
6,25000000	4,9	-240	0,0	-1,6	5,6	-0,1	-5,5	1,8	
6,25390625	5,6	-144	-0,1	-1,6	5,4	-0,1	-6,8	2,0	
6,25781250	3,4	-185	0,2	-1,9	6,2	-0,1	-6,4	2,4	
6,26171875	3,5	-129	0,0	-1,3	6,0	-0,1	-5,8	1,9	
6,26562500	3,3	-215	0,2	-1,8	5,5	-0,1	-6,1	2,0	
6,26953125	2,9	-275	0,3	-2,1	5,7	-0,1	-5,4	1,9	
6,27343750	3,7	-214	0,3	-2,1	5,5	-0,1	-5,9	2,1	
6,27734375	4,3	-187	0,1	-2,0	5,9	-0,1	-6,2	1,9	
6,28125000	5,4	-184	-0,0	-2,4	5,8	-0,1	-6,4	1,5	
6,28515625	2,8	-165	0,1	-2,1	5,8	-0,1	-5,5	1,9	
6,28906250	3,8	-163	0,1	-2,3	5,9	-0,1	-6,0	1,8	
6,29296875	2,1	-169	-0,2	-1,9	5,7	-0,1	-6,3	1,9	
6,29687500	4,1	-132	-0,2	-1,9	5,0	-0,1	-6,3	1,7	
6,30078125	3,7	-118	-0,2	-2,4	6,0	-0,1	-6,2	2,0	
6,30468750	3,1	-167	-0,0	-2,0	5,5	-0,1	-6,1	2,1	
6,30859375	3,5	-165	-0,2	-2,2	5,8	-0,1	-6,1	1,6	
6,31250000	2,2	-153	-0,1	-3,0	5,3	-0,1	-6,1	1,9	
6,31640625	5,1	-79	-0,1	-3,1	6,5	-0,1	-7,2	1,9	
6,32031250	4,8	-171	0,3	-2,8	4,8	-0,1	-6,1	2,2	
6,32421875	5,0	-220	-0,2	-1,9	6,6	-0,1	-5,8	2,2	
6,32812500	5,2	-215	-0,4	-1,0	5,3	-0,1	-5,6	2,1	
6,33203125	4,9	-259	0,0	-2,2	5,7	-0,1	-6,3	1,8	
6,33593750	5,8	-94	-0,2	-1,9	5,2	-0,1	-6,9	1,8	
6,33984375	5,8	-166	-0,2	-2,4	5,9	-0,1	-5,5	2,0	
6,34375000	6,6	-157	-0,5	-2,8	5,5	-0,1	-5,8	1,8	
6,34765625	5,4	-216	-0,3	-2,2	5,8	-0,1	-5,7	2,1	
6,35156250	4,9	-103	-0,2	-1,1	5,3	-0,1	-6,3	2,1	
6,35546875	5,2	-106	0,2	-1,6	5,2	-0,1	-7,1	2,0	
6,35937500	4,5	-175	-0,0	-1,0	5,4	-0,1	-6,1	1,8	
6,36328125	3,2	-144	0,1	-2,7	5,7	-0,1	-6,4	1,7	
6,36718750	3,3	-195	0,1	-2,2	5,6	-0,1	-5,2	1,9	
6,37109375	3,1	-142	0,1	-1,7	5,8	-0,1	-6,8	2,2	
6,37500000	3,6	-184	0,1	-1,5	6,6	-0,1	-6,9	1,7	
6,37890625	3,8	-152	0,2	-1,9	6,3	-0,1	-6,2	2,2	
6,38281250	4,9	-265	-0,1	-2,8	5,3	-0,1	-6,6	1,9	
6,38671875	2,0	-210	0,3	-2,1	5,0	-0,1	-6,6	2,0	
6,39062500	4,9	-216	0,1	-2,6	5,6	-0,1	-6,6	1,8	
6,39453125	4,4	-179	-0,0	-2,0	4,5	-0,1	-6,5	1,8	
6,39843750	5,7	-135	0,3	-2,1	4,9	-0,1	-6,9	2,0	
6,40234375	4,2	-214	0,2	-2,8	4,9	-0,3	-6,7	1,8	
6,40625000	4,3	-125	0,0	-2,1	5,2	-0,3	-5,9	2,1	
6,41015625	4,2	-125	-0,0	-2,1	5,8	-0,3	-6,6	2,0	
6,41406250	3,5	-165	0,0	-3,0	5,0	-0,1	-6,0	2,3	
6,41796875	3,7	-206	-0,1	-1,8	5,0	-0,1	-6,4	2,1	
6,42187500	3,8	-144	-0,3	-1,7	5,9	-0,1	-5,9	2,0	
6,42578125	6,3	-220	-0,3	-2,1	5,9	-0,1	-7,0	2,0	
6,42968750	4,9	-197	-0,1	-2,6	5,1	-0,1	-6,8	2,0	
6,43359375	2,4	-175	-0,0	-2,2	6,1	-0,1	-6,4	2,2	
6,43750000	2,4	-142	0,3	-2,0	5,2	-0,1	-6,1	2,1	
6,44140625	2,4	-184	-0,5	-3,0	4,8	-0,1	-6,4	2,0	
6,44531250	3,2	-108	-0,3	-1,9	4,9	-0,1	-6,1	1,8	
6,44921875	3,7	-108	-0,1	-2,2	5,4	-0,1	-6,2	1,4	
6,45312500	3,9	-94	-0,2	-2,4	5,8	-0,1	-5,9	2,0	
6,45703125	4,2	-112	0,5	-2,4	5,8	-0,1	-7,0	1,7	
6,46093750	3,9	-282	0,2	-3,2	5,1	-0,1	-6,0	2,1	
6,46484375	4,2	-126	-0,1	-1,1	6,2	-0,1	-6,0	1,7	
6,46875000	3,5	-155	-0,1	-1,9	6,2	-0,1	-6,3	1,6	
6,47265625	4,0	-122	-0,1	-3,0	5,8	-0,1	-5,3	1,8	
6,47656250	1,8	-169	-0,2	-2,2	6,0	-0,1	-6,2	2,1	
6,48046875	4,7	-79	-0,2	-2,8	5,9	-0,1	-6,3	1,8	
6,48437500	5,0	-83	-0,0	-1,6	4,8	-0,1	-6,0	1,9	
6,48828125	6,3	-75	-0,0	-0,8	6,5	-0,3	-6,4	2,0	
6,49218750	4,2	-168	-0,1	-2,0	6,1	-0,3	-6,0	1,7	
6,49609375	3,1	-176	0,2	-1,3	4,6	-0,3	-6,7	2,0	
6,50000000	2,9	-196	-0,3	-1,4	5,0	-0,1	-6,0	2,0	
6,50390625	6,1	-141	0,2	-1,7	5,4	-0,1	-6,0	2,1	
6,50781250	5,2	-152	0,0	-1,8	5,8	-0,1	-6,7	1,6	
6,51171875	4,4	-213	0,0	-1,8	6,4	-0,1	-6,0	2,5	
6,51562500	4,4	-258	-0,1	-1,5	6,1	-0,1	-6,1	1,9	
6,51953125	3,3	-163	-0,0	-2,3	6,1	-0,1	-6,2	2,0	
6,52343750	3,3	-148	0,1	-1,9	5,8	-0,1	-6,5	2,1	
6,52734375	2,5	-229	-0,4	-2,2	6,0	-0,1	-5,4	1,8	
6,53125000	3,7	-122	-0,0	-1,9	6,2	-0,1	-5,8	1,9	
6,53515625	3,5	-158	0,6	-1,9	5,1	-0,1	-6,7	1,8	
6,53906250	2,9	-161	0,1	-2,0	5,2	-0,1	-6,6	1,8	
6,54296875	4,1	-149	-0,3	-2,3	4,1	-0,1	-5,3	1,9	
6,54687500	0,8	-168	-0,3	-2,5	5,3	-0,1	-6,2	1,8	
6,55078125	3,5	-113	-0,0	-2,0	5,4	-0,1	-6,3	1,8	
6,55468750	5,2	-237	0,1	-1,4	5,5	-0,1	-6,0	2,0	
6,55859375	6,1	-241	-0,0	-1,0	6,2	-0,3	-6,4	2,0	
6,56250000	4,2	-100	0,5	-2,4	5,3	-0,3	-6,6	1,9	
6,56640625	6,2	-130	-0,5	-2,5	4,0	-0,3	-5,2	2,1	
6,57031250	3,3	-188	0,3	-2,6	5,6	-0,1	-6,2	1,9	
6,57421875	4,1	-210	0,1	-2,0	5,5	-0,1	-6,8	1,9	
6,57812500	3,7	-95	0,0	-2,1	6,0	-0,1	-7,1	1,9	
6,58203125	5,9	-140	0,3	-1,7	5,8	-0,1	-5,9	1,7	
6,58593750	4,9	-123	-0,1	-2,4	5,9	-0,1	-4,7	1,8	
6,58984375	4,4	-123	-0,1	-1,5	5,3	-0,1	-6,5	2,2	
6,59375000	2,5	-110	-0,2	-2,1	5,3	-0,1	-7,0	1,9	
6,59765625	2,8	-181	-0,1	-2,2	5,7	-0,3	-6,2	1,8	
6,60156250	3,4	-131	-0,2	-2,3	5,4	-0,3	-7,0	1,7	
6,60546875	2,8	-183	-0,2	-1,8	5,1	-0,3	-6,5	2,6	
6,60937500	4,3	-228	-0,1	-1,9	5,0	-0,1	-7,0	1,7	
6,61328125	4,5	-192	-0,3	-2,0	5,5	-0,1	-6,5	1,9	
6,61718750	3,8	-225	0,4	-1,9	5,7	-0,1	-6,0	1,8	
6,62109375	4,4	-184	-0,2	-3,0	5,3	-0,3	-5,8	2,0	
6,62500000	4,4	-139	-0,2	-1,1	5,4	-0,3	-6,5	1,7	
6,62890625	4,6	-97	0,3	-2,4	5,0	-0,3	-6,4	2,1	
6,63281250	4,4	-194	-0,3	-2,6	5,9	-0,1	-6,3	2,0	
6,63671875	3,4	-216	0,1	-2,6	5,3	-0,1	-6,6	1,9	
6,64062500	3,7	-187	0,1	-2,0	5,6	-0,1	-6,5	2,0	
6,64453125	4,8	-212	-0,2	-1,9	5,0	-0,1	-6,8	1,7	
6,64843750	2,5	-130	0,2	-2,2	5,8	-0,1	-6,0	1,9	
6,65234375	4,8	-146	0,1	-1,8	5,7	-0,1	-7,1	2,2	
6,65625000	7,1	-159	0,1	-2,8	5,5	-0,1	-6,3	2,0	
6,66015625	5,0	-109	0,1	-2,1	5,8	-0,1	-6,0	2,1	
6,66406250	3,1	-117	0,0	-1,4	5,9	-0,1	-5,4	1,9	
6,66796875	5,0	-101	-0,0	-2,6	5,1	-0,1	-5,9	2,1	
6,67187500	3,9	-125	-0,1	-2,1	5,5	-0,1	-6,4	1,9	
6,67578125	4,2	-130	0,3	-1,8	5,3	-0,1	-6,1	1,8	
6,67968750	3,9	-149	-0,1	-1,5	6,3	-0,1	-5,6	1,7	
6,68359375	4,5	-162	0,3	-3,0	4,5	-0,1	-6,1	2,0	
6,68750000	5,0	-152	-0,1	-1,8	5,5	-0,1	-6,2	1,7	
6,69140625	5,8	-167	0,0	-2,0	5,0	-0,1	-7,2	1,8	
6,69531250	6,6	-139	-0,2	-2,5	5,8	-0,3	-6,0	1,8	
6,69921875	2,9	-96	0,1	-2,4	5,5	-0,3	-6,2	1,2	
6,70312500	5,1	-103	0,1	-2,2	5,5	-0,3	-6,5	1,8	
6,70703125	5,4	-197	0,2	-2,1	5,6	-0,3	-6,3	1,7	
6,71093750	4,0	-130	0,3	-1,7	5,9	-0,3	-6,6	2,2	
6,71484375	3,2	-136	-0,1	-2,4	5,7	-0,3	-6,7	1,9	
6,71875000	4,4	-17	-0,0	-2,2	5,4	-0,1	-6,5	2,1	
6,72265625	3,1	-161	0,3	-2,3	5,5	-0,1	-7,2	1,8	
6,72656250	3,9	-158	-0,3	-2,3	5,6	-0,1	-5,7	2,5	
6,73046875	2,6	-146	-0,1	-2,5	5,4	-0,1	-6,2	2,0	
6,73437500	3,6	-194	0,3	-2,8	6,2	-0,1	-5,6	1,9	
6,73828125	3,5	-64	0,1	-2,7	5,0	-0,1	-6,0	1,5	
6,74218750	3,1	-132	-0,0	-2,1	5,5	-0,1	-6,1	1,7	
6,74609375	3,4	-121	0,1	-1,5	6,6	-0,3	-6,3	2,3	
6,75000000	2,9	-118	0,1	-2,7	4,7	-0,3	-6,5	1,7	
6,75390625	2,8	-240	-0,1	-1,7	5,3	-0,3	-6,5	1,6	
6,75781250	5,2	-198	-0,2	-2,0	6,1	-0,3	-5,2	2,4	
6,76171875	3,4	-178	0,2	-2,2	5,4	-0,3	-6,4	1,8	
6,76562500	4,2	-188	0,0	-2,7	5,7	-0,1	-5,5	1,7	
6,76953125	5,9	-215	-0,2	-1,8	5,6	-0,1	-6,8	1,7	
6,77343750	3,7	-194	-0,0	-1,3	5,5	-0,1	-6,1	2,1	
6,77734375	4,7	-187	-0,0	-2,3	5,4	-0,1	-6,6	1,5	
6,78125000	3,5	-116	-0,3	-2,3	5,9	-0,1	-6,2	2,0	
6,78515625	4,5	-200	0,1	-2,5	5,8	-0,1	-5,9	1,7	
6,78906250	4,6	-112	0,1	-2,3	5,3	-0,1	-5,9	2,4	
6,79296875	4,1	-148	0,1	-1,8	5,9	-0,1	-6,2	1,7	
6,79687500	3,8	-208	0,1	-2,3	5,8	-0,1	-7,2	1,7	
6,80078125	2,1	-210	-0,2	-1,8	5,2	-0,1	-6,5	1,4	
6,80468750	4,6	-220	0,1	-2,4	5,6	-0,1	-5,9	1,8	
6,80859375	1,2	-256	0,2	-2,6	5,4	-0,1	-5,7	2,1	
6,81250000	3,4	-213	-0,3	-2,2	4,2	-0,1	-6,8	1,8	
6,81640625	3,1	-125	0,2	-1,8	5,2	-0,3	-6,5	1,8	
6,82031250	3,8	-237	0,0	-2,4	5,4	-0,3	-5,9	1,9	
6,82421875	3,5	-107	-0,2	-1,4	4,9	-0,3	-6,1	1,8	
6,82812500	5,6	-189	0,6	-2,2	5,3	-0,3	-6,5	1,7	
6,83203125	2,8	-92	0,2	-2,4	5,5	-0,3	-6,3	2,1	
6,83593750	6,2	-169	0,3	-1,4	6,1	-0,1	-6,0	1,9	
6,83984375	8,2	-117	-0,3	-1,8	6,1	-0,1	-7,1	2,0	
6,84375000	7,2	-236	0,2	-2,2	5,8	-0,1	-5,2	2,1	
6,84765625	7,6	-125	-0,4	-1,4	5,4	-0,1	-5,3	2,4	
6,85156250	7,6	-210	0,1	-1,3	5,4	-0,1	-6,9	1,9	
6,85546875	7,4	-141	0,2	-2,5	5,6	-0,1	-6,4	1,6	
6,85937500	4,6	-87	0,2	-2,2	5,1	-0,1	-6,4	1,9	
6,86328125	5,8	-93	0,1	-2,5	5,6	-0,1	-7,1	1,8	
6,86718750	4,1	-156	-0,0	-2,1	5,3	-0,1	-6,9	2,2	
6,87109375	3,1	-113	-0,1	-1,1	5,7	-0,1	-6,9	1,8	
6,87500000	2,7	-230	-0,1	-2,3	5,4	-0,1	-6,0	2,2	
6,87890625	4,3	-202	-0,1	-2,5	5,7	-0,1	-6,3	2,2	
6,88281250	4,2	-154	0,0	-2,1	5,3	-0,1	-6,3	2,0	
6,88671875	2,6	-156	-0,4	-2,1	4,9	-0,1	-5,4	1,9	
6,89062500	4,6	-119	0,0	-3,0	4,7	-0,1	-5,0	2,2	
6,89453125	4,8	-164	-0,2	-2,0	5,2	-0,1	-6,2	1,4	
6,89843750	4,0	-189	0,0	-2,5	5,6	-0,1	-6,6	2,0	
6,90234375	5,0	-137	-0,2	-2,1	5,7	-0,1	-5,9	1,8	
6,90625000	2,6	-106	0,2	-2,5	6,3	-0,1	-6,5	1,9	
6,91015625	5,5	-161	-0,1	-1,4	5,5	-0,1	-6,4	2,0	
6,91406250	4,3	-131	0,0	-1,5	6,2	-0,1	-6,5	1,9	
6,91796875	2,5	-168	-0,1	-2,4	5,8	-0,1	-6,1	2,3	
6,92187500	3,9	-216	-0,1	-1,8	5,2	-0,1	-5,9	2,0	
6,92578125	4,9	-144	0,2	-1,9	4,8	-0,1	-7,1	1,8	
6,92968750	5,5	-148	0,1	-2,3	5,4	-0,1	-7,0	1,9	
6,93359375	4,5	-116	0,1	-2,0	6,5	-0,1	-5,9	2,2	
6,93750000	6,7	-96	-0,4	-1,9	5,0	-0,1	-6,8	2,1	
6,94140625	2,8	-108	-0,2	-2,7	5,3	-0,1	-6,2	1,9	
6,94531250	3,1	-241	0,2	-2,2	5,8	-0,1	-5,5	2,0	
6,94921875	5,4	-194	0,2	-1,4	5,6	-0,1	-6,1	2,2	
6,95312500	6,6	-100	0,1	-2,4	5,3	-0,1	-6,3	2,0	
6,95703125	6,1	-116	-0,1	-2,4	5,0	-0,1	-6,3	2,3	
6,96093750	5,5	-175	0,2	-0,9	4,6	-0,1	-6,4	1,9	
6,96484375	4,1	-171	-0,1	-2,4	5,5	-0,1	-7,1	2,4	
6,96875000	4,5	-180	-0,3	-1,7	5,8	-0,1	-6,9	1,6	
6,97265625	4,2	-134	-0,2	-2,3	4,7	-0,1	-5,8	2,0	
6,97656250	4,1	-131	0,0	-1,9	6,3	-0,1	-5,6	2,1	
6,98046875	2,0	-277	0,1	-2,5	5,4	-0,3	-5,9	1,9	
6,98437500	3,0	-215	0,2	-3,0	5,6	-0,3	-6,8	1,5	
6,98828125	1,7	-224	-0,0	-2,1	4,5	-0,3	-6,0	2,0	
6,99218750	2,3	-133	-0,0	-2,4	5,3	-0,1	-5,8	1,8	
6,99609375	2,8	-151	-0,0	-1,4	5,2	-0,1	-6,2	2,0	
7,00000000	3,0	-134	-0,3	-2,5	5,5	-0,1	-5,7	1,7	
7,00390625	3,5	-226	-0,0	-1,7	5,8	-0,1	-6,1	2,1	
7,00781250	3,7	-249	0,1	-2,5	5,2	-0,1	-6,9	2,1	
7,01171875	4,4	-179	-0,4	-2,2	5,2	-0,1	-6,6	1,9	
7,01562500	6,0	-178	0,3	-2,4	5,6	-0,1	-5,7	1,7	
7,01953125	3,2	-115	-0,3	-1,4	5,8	-0,1	-5,8	1,5	
7,02343750	5,5	-193	0,1	-2,4	5,3	-0,1	-6,2	2,0	
7,02734375	5,6	-120	0,6	-2,9	6,6	-0,1	-6,0	2,0	
7,03125000	3,8	-134	-0,0	-3,3	6,3	-0,1	-6,6	2,0	
7,03515625	5,3	-271	-0,2	-3,0	4,8	-0,1	-6,3	1,8	
7,03906250	3,7	-175	-0,4	-1,7	4,9	-0,1	-5,6	2,0	
7,04296875	4,6	-194	-0,1	-2,5	5,2	-0,3	-7,1	1,7	
7,04687500	4,9	-187	-0,3	-1,8	5,2	-0,3	-7,5	1,6	
7,05078125	3,8	-196	-0,0	-1,6	5,6	-0,3	-6,1	2,1	
7,05468750	5,2	-83	0,2	-1,9	4,5	-0,1	-6,2	1,7	
7,05859375	5,7	-185	0,1	-1,2	4,7	-0,1	-6,0	1,8	
7,06250000	5,6	-199	-0,3	-2,3	6,1	-0,1	-6,5	1,6	
7,06640625	4,0	-145	0,0	-1,3	5,5	-0,1	-6,8	1,5	
7,07031250	6,0	-212	-0,2	-2,4	6,2	-0,1	-6,1	2,4	
7,07421875	4,7	-211	-0,2	-0,8	6,0	-0,1	-5,3	1,4	
7,07812500	5,7	-173	-0,3	-2,7	5,5	-0,1	-5,4	2,7	
7,08203125	3,0	-117	-0,2	-1,9	5,1	-0,1	-5,8	1,9	
7,08593750	3,8	-126	0,0	-2,8	5,8	-0,1	-6,6	2,0	
7,08984375	5,0	-126	0,4	-1,8	5,2	-0,1	-6,1	1,5	
7,09375000	4,1	-135	0,2	-1,8	5,9	-0,1	-7,1	1,8	
7,09765625	3,5	-192	0,4	-1,4	6,1	-0,1	-5,9	2,3	
7,10156250	4,9	-173	-0,4	-2,0	4,5	-0,3	-7,1	2,2	
7,10546875	4,3	-172	0,1	-1,1	4,8	-0,3	-6,2	2,1	
7,10937500	5,7	-182	-0,4	-1,9	5,4	-0,3	-6,9	1,7	
7,11328125	5,5	-145	-0,0	-1,8	5,2	-0,1	-6,5	1,5	
7,11718750	4,3	-125	-0,1	-2,2	5,3	-0,1	-5,7	1,7	
7,12109375	3,7	-137	0,0	-2,6	6,4	-0,1	-5,4	2,1	
7,12500000	4,2	-185	0,1	-2,3	5,9	-0,3	-6,5	1,6	
7,12890625	3,4	-267	-0,1	-1,7	4,7	-0,3	-6,3	1,6	
7,13281250	2,8	-200	0,0	-1,3	5,3	-0,3	-6,3	1,6	
7,13671875	4,3	-204	-0,3	-2,5	5,6	-0,1	-5,1	2,2	
7,14062500	3,9	-194	0,2	-2,4	5,9	-0,1	-6,7	1,9	
7,14453125	3,1	-143	-0,1	-2,2	5,3	-0,1	-6,5	2,0	
7,14843750	4,7	-165	0,3	-2,9	5,3	-0,1	-5,8	1,8	
7,15234375	6,1	-133	-0,2	-2,9	6,0	-0,1	-5,7	1,7	
7,15625000	3,7	-74	-0,5	-2,6	4,9	-0,1	-6,8	1,9	
7,16015625	5,7	-151	0,1	-2,6	5,2	-0,1	-5,4	1,7	
7,16406250	3,1	-240	-0,3	-1,7	6,3	-0,1	-6,2	2,0	
7,16796875	2,4	-203	0,4	-2,4	5,3	-0,1	-5,9	1,8	
7,17187500	4,5	-140	0,2	-1,6	5,4	-0,1	-6,2	1,9	
7,17578125	3,1	-163	-0,1	-1,8	5,1	-0,1	-6,6	2,0	
7,17968750	3,3	-146	-0,5	-2,0	4,9	-0,1	-5,5	1,9	
7,18359375	2,2	-195	-0,0	-2,5	5,6	-0,1	-6,6	1,9	
7,18750000	4,1	-167	0,1	-2,1	4,9	-0,1	-6,1	1,8	
7,19140625	3,5	-158	-0,2	-1,9	4,8	-0,1	-5,5	2,4	
7,19531250	4,0	-69	0,4	-2,0	6,0	-0,1	-6,7	2,0	
7,19921875	4,6	-107	-0,2	-2,8	5,5	-0,1	-6,7	2,0	
7,20312500	3,6	-144	0,2	-3,3	5,5	-0,1	-6,2	2,0	
7,20703125	3,0	-186	-0,2	-1,8	5,8	-0,1	-6,4	2,0	
7,21093750	1,2	-141	0,4	-1,5	4,9	-0,1	-6,8	1,8	
7,21484375	3,7	-157	0,6	-2,2	5,0	-0,1	-6,2	2,1	
7,21875000	3,1	-155	0,1	-2,8	5,7	-0,1	-7,1	2,0	
7,22265625	0,8	-82	0,6	-2,0	5,9	-0,1	-7,1	1,7	
7,22656250	3,9	-125	-0,4	-2,2	4,4	-0,1	-6,1	1,6	
7,23046875	1,3	-98	0,1	-3,2	6,3	-0,1	-6,1	2,2	
7,23437500	2,6	-152	0,1	-2,5	5,8	-0,1	-5,8	1,9	
7,23828125	2,6	-231	0,2	-1,7	5,6	-0,1	-7,0	1,6	
7,24218750	3,6	-124	-0,0	-1,6	5,7	-0,1	-4,9	1,9	
7,24609375	5,1	-242	0,1	-2,2	5,1	-0,1	-5,4	1,8	
7,25000000	3,6	-97	-0,2	-2,7	5,8	-0,1	-6,3	1,8	
7,25390625	5,5	-143	0,2	-1,8	5,3	-0,1	-6,5	1,9	
7,25781250	6,2	-182	0,1	-2,2	6,0	-0,1	-6,5	1,8	
7,26171875	4,3	-141	-0,1	-1,9	4,8	-0,1	-5,6	2,3	
7,26562500	3,5	-150	0,2	-2,6	5,7	-0,1	-5,9	1,8	
7,26953125	5,0	-173	-0,3	-1,8	5,2	-0,1	-6,2	2,0	
7,27343750	3,9	-137	0,0	-2,6	5,4	-0,1	-5,8	2,0	
7,27734375	2,8	-104	0,1	-1,7	4,7	-0,1	-5,8	2,0	
7,28125000	3,9	-153	0,1	-2,8	5,6	-0,1	-6,1	1,7	
7,28515625	3,5	-233	-0,2	-1,8	5,9	-0,1	-7,1	2,1	
7,28906250	3,9	-159	-0,2	-1,3	6,2	-0,1	-6,2	1,7	
7,29296875	3,0	-98	-0,2	-1,5	5,3	-0,1	-6,1	2,0	
7,29687500	3,3	-179	-0,1	-2,6	5,7	-0,1	-5,3	1,9	
7,30078125	2,8	-224	-0,1	-2,3	5,6	-0,1	-5,6	1,9	
7,30468750	4,2	-111	0,0	-2,9	4,9	-0,1	-6,4	2,0	
7,30859375	4,6	-177	-0,1	-2,3	5,8	-0,1	-6,6	1,6	
7,31250000	4,2	-202	0,2	-1,7	5,8	-0,1	-5,6	1,7	
7,31640625	3,2	-159	-0,4	-2,7	6,1	-0,1	-6,3	1,9	
7,32031250	4,8	-145	0,0	-1,2	4,5	-0,1	-6,9	2,0	
7,32421875	4,8	-211	0,1	-1,9	5,6	-0,1	-5,5	2,1	
7,32812500	4,4	-232	-0,1	-2,0	5,7	-0,1	-6,6	1,9	
7,33203125	4,8	-188	-0,1	-2,7	6,7	-0,3	-7,4	1,8	
7,33593750	3,9	-154	-0,1	-1,6	6,3	-0,3	-6,0	2,1	
7,33984375	3,3	-142	-0,2	-2,5	5,0	-0,3	-6,0	1,4	
7,34375000	2,2	-165	0,0	-1,5	5,6	-0,3	-6,9	1,7	
7,34765625	4,2	-193	-0,3	-2,4	5,6	-0,3	-6,2	2,3	
7,35156250	3,1	-173	-0,1	-1,8	6,0	-0,3	-6,2	1,8	
7,35546875	3,7	-129	-0,1	-1,8	5,9	-0,3	-6,2	1,7	
7,35937500	3,2	-97	-0,1	-2,3	5,7	-0,3	-6,2	1,9	
7,36328125	3,1	-187	0,1	-2,2	5,4	-0,3	-6,3	2,1	
7,36718750	1,8	-207	-0,5	-1,8	5,0	-0,3	-5,2	1,7	
7,37109375	2,2	-155	0,2	-2,7	5,4	-0,3	-6,2	2,1	
7,37500000	4,1	-270	0,1	-2,2	5,3	-0,1	-6,8	1,9	
7,37890625	0,8	-175	-0,1	-1,4	4,9	-0,3	-6,5	2,2	
7,38281250	4,0	-166	0,1	-2,9	5,7	-0,3	-6,0	2,1	
7,38671875	4,8	-142	-0,5	-3,0	6,1	-0,3	-6,7	1,9	
7,39062500	3,6	-154	0,1	-2,2	5,9	-0,1	-6,3	1,8	
7,39453125	2,7	-160	0,5	-2,5	5,4	-0,3	-6,8	2,0	
7,39843750	1,9	-178	0,1	-1,6	5,6	-0,3	-6,2	2,0	
7,40234375	3,3	-170	-0,1	-2,1	5,3	-0,3	-6,2	1,3	
7,40625000	4,0	-128	-0,4	-2,1	5,3	-0,1	-6,4	2,0	
7,41015625	5,1	-208	0,2	-2,0	5,8	-0,1	-5,5	2,1	
7,41406250	6,5	-176	0,1	-3,2	6,2	-0,1	-6,9	1,7	
7,41796875	7,5	-222	-0,2	-2,6	4,7	-0,3	-6,6	1,8	
7,42187500	6,0	-216	-0,2	-1,8	5,6	-0,3	-6,5	1,4	
7,42578125	4,6	-156	-0,0	-1,6	5,6	-0,3	-6,0	2,1	
7,42968750	4,6	-147	0,1	-1,9	5,3	-0,1	-5,8	1,7	
7,43359375	4,8	-72	0,3	-2,0	6,6	-0,1	-5,6	1,5	
7,43750000	3,4	-151	-0,1	-1,4	5,0	-0,3	-6,6	1,9	
7,44140625	4,7	-193	0,2	-2,0	5,8	-0,3	-7,0	2,1	
7,44531250	4,1	-201	-0,1	-1,6	5,8	-0,3	-6,3	2,0	
7,44921875	4,0	-256	-0,1	-2,3	5,7	-0,1	-6,5	2,0	
7,45312500	5,0	-128	-0,1	-2,4	5,4	-0,3	-5,6	2,3	
7,45703125	2,8	-89	0,4	-2,0	5,3	-0,3	-7,0	2,2	
7,46093750	4,0	-159	0,3	-1,3	5,7	-0,3	-6,2	1,8	
7,46484375	3,9	-121	-0,1	-2,5	5,5	-0,3	-6,4	2,0	
7,46875000	6,8	-136	-0,3	-2,5	5,7	-0,3	-5,9	1,4	
7,47265625	5,3	-144	0,2	-2,0	5,5	-0,3	-6,2	1,7	
7,47656250	6,5	-225	0,1	-1,9	4,7	-0,1	-5,3	2,2	
7,48046875	5,2	-207	0,1	-1,8	6,0	-0,1	-6,2	2,1	
7,48437500	5,1	-119	0,2	-1,9	5,0	-0,1	-6,1	2,2	
7,48828125	5,4	-210	-0,2	-2,9	5,5	-0,3	-6,3	2,0	
7,49218750	3,8	-155	-0,1	-1,8	5,7	-0,3	-6,1	2,0	
7,49609375	2,7	-272	-0,1	-1,6	5,5	-0,3	-6,7	1,8	
7,50000000	4,4	-172	0,3	-2,0	6,3	-0,1	-6,8	2,0	
7,50390625	2,7	-172	0,1	-2,7	5,3	-0,1	-6,0	2,0	
7,50781250	3,1	-122	-0,1	-2,8	5,0	-0,1	-6,4	1,9	
7,51171875	4,1	-218	0,2	-1,9	6,3	-0,1	-6,6	2,2	
7,51562500	4,0	-162	-0,1	-2,3	5,1	-0,1	-6,2	2,1	
7,51953125	3,1	-195	0,1	-2,1	5,2	-0,1	-5,6	2,1	
7,52343750	3,6	-175	-0,1	-2,0	5,0	-0,1	-6,5	1,7	
7,52734375	3,9	-254	0,1	-2,5	5,0	-0,1	-5,9	1,7	
7,53125000	3,8	-165	0,5	-1,6	5,8	-0,1	-5,2	1,9	
7,53515625	5,6	-250	-0,3	-2,0	5,3	-0,1	-6,5	1,9	
7,53906250	3,7	-119	0,1	-2,8	5,4	-0,1	-5,6	1,8	
7,54296875	3,7	-201	0,7	-2,2	5,6	-0,1	-6,8	2,0	
7,54687500	3,0	-128	-0,3	-2,3	6,2	-0,1	-6,2	2,2	
7,55078125	3,3	-165	0,4	-2,4	4,6	-0,1	-5,4	2,0	
7,55468750	3,6	-150	-0,2	-2,7	5,6	-0,1	-5,9	1,7	
7,55859375	4,3	-187	-0,2	-2,0	5,6	-0,3	-6,7	1,7	
7,56250000	2,8	-188	0,0	-1,7	6,0	-0,3	-6,4	2,0	
7,56640625	2,5	-162	-0,2	-2,0	5,8	-0,3	-6,2	1,8	
7,57031250	4,2	-87	0,1	-2,0	5,8	-0,1	-6,5	2,2	
7,57421875	3,9	-155	-0,0	-2,8	5,4	-0,1	-5,8	1,9	
7,57812500	3,9	-235	-0,3	-2,5	6,7	-0,1	-6,2	2,3	
7,58203125	3,1	-142	0,2	-1,5	4,9	-0,1	-5,2	2,1	
7,58593750	3,5	-225	-0,4	-2,9	5,3	-0,1	-6,0	2,1	
7,58984375	4,2	-177	-0,2	-1,6	5,3	-0,1	-6,0	1,6	
7,59375000	4,3	-198	-0,4	-2,4	5,4	-0,1	-6,9	1,8	
7,59765625	3,7	-186	0,1	-2,5	5,6	-0,3	-6,3	2,1	
7,60156250	5,1	-280	0,2	-2,1	5,7	-0,3	-5,5	1,9	
7,60546875	1,8	-84	0,4	-2,1	5,9	-0,3	-6,1	1,9	
7,60937500	4,0	-95	-0,0	-2,6	5,0	-0,3	-6,5	2,2	
7,61328125	2,9	-171	0,0	-1,0	5,3	-0,3	-6,0	2,0	
7,61718750	3,6	-132	-0,2	-1,8	4,8	-0,1	-7,0	1,9	
7,62109375	4,6	-202	-0,1	-1,9	5,8	-0,3	-6,6	1,7	
7,62500000	3,7	-121	-0,1	-2,1	5,4	-0,3	-6,0	2,0	
7,62890625	4,7	-174	-0,1	-3,0	6,7	-0,3	-5,9	1,7	
7,63281250	3,3	-255	-0,1	-2,0	4,1	-0,1	-5,6	2,1	
7,63671875	3,6	-186	-0,2	-2,5	4,4	-0,1	-6,1	1,9	
7,64062500	4,7	-259	-0,4	-2,0	5,3	-0,1	-6,3	1,8	
7,64453125	6,7	-122	0,1	-2,3	5,7	-0,1	-6,3	2,2	
7,64843750	3,3	-115	0,3	-2,1	5,9	-0,1	-6,2	1,7	
7,65234375	3,8	-84	0,3	-2,6	5,5	-0,1	-7,3	1,9	
7,65625000	4,3	-95	-0,1	-2,8	5,0	-0,1	-6,8	1,5	
7,66015625	3,8	-154	0,4	-1,5	5,0	-0,1	-6,0	2,0	
7,66406250	2,4	-297	-0,1	-2,2	5,4	-0,1	-5,9	1,9	
7,66796875	5,6	-134	-0,1	-2,9	5,6	-0,1	-6,2	2,4	
7,67187500	2,0	-113	0,2	-1,3	5,5	-0,1	-6,5	2,1	
7,67578125	3,1	-209	-0,1	-1,8	4,8	-0,1	-6,7	2,1	
7,67968750	3,1	-173	-0,1	-1,8	5,3	-0,1	-6,3	2,2	
7,68359375	4,4	-186	0,2	-2,2	4,9	-0,1	-6,1	2,0	
7,68750000	3,9	-222	0,2	-1,6	5,1	-0,1	-6,1	1,7	
7,69140625	3,7	-168	-0,0	-1,8	5,8	-0,1	-6,2	1,7	
7,69531250	3,5	-185	0,3	-2,1	4,3	-0,1	-6,7	2,2	
7,69921875	4,1	-162	0,4	-2,2	5,4	-0,1	-6,0	1,5	
7,70312500	3,0	-237	0,0	-1,7	5,0	-0,1	-6,4	1,6	
7,70703125	4,0	-183	0,2	-1,6	4,7	-0,1	-7,0	1,8	
7,71093750	4,1	-209	-0,2	-1,0	5,8	-0,1	-6,4	1,9	
7,71484375	3,9	-136	-0,0	-2,2	5,2	-0,1	-6,2	2,2	
7,71875000	2,0	-173	-0,3	-1,4	6,0	-0,1	-6,2	1,8	
7,72265625	2,3	-232	-0,0	-2,5	5,4	-0,1	-5,9	2,0	
7,72656250	4,4	-227	0,3	-1,7	5,6	-0,1	-6,8	1,9	
7,73046875	4,5	-197	0,3	-2,2	5,7	-0,1	-6,7	2,0	
7,73437500	5,6	-163	-0,3	-1,6	5,7	-0,1	-6,0	2,0	
7,73828125	4,4	-79	-0,3	-2,1	5,5	-0,3	-7,3	2,0	
7,74218750	5,9	-152	0,4	-2,1	5,6	-0,3	-6,0	1,9	
7,74609375	6,5	-106	0,1	-1,9	5,9	-0,3	-6,2	1,6	
7,75000000	3,5	-177	-0,2	-1,7	5,4	-0,1	-6,0	2,4	
7,75390625	5,7	-159	0,0	-2,8	5,3	-0,1	-6,9	2,2	
7,75781250	4,9	-170	0,1	-1,4	5,1	-0,1	-5,6	1,8	
7,76171875	4,1	-121	0,1	-2,3	5,0	-0,1	-5,2	1,7	
